[[[NEW TRACK]]]
58.834883,-134.275440,1716.9,2022-07-15T19:44:43Z,10.000000
58.834895,-134.275482,1715.3,2022-07-15T19:44:45Z,5.000000
58.834905,-134.275615,1700.0,2022-07-15T19:45:52Z
58.834961,-134.275575,1701.0,2022-07-15T19:46:11Z
58.835053,-134.275455,1699.0,2022-07-15T19:46:25Z
58.835117,-134.275443,1700.0,2022-07-15T19:46:36Z
58.835215,-134.275353,1700.0,2022-07-15T19:46:52Z
58.835256,-134.275291,1704.0,2022-07-15T19:46:58Z
58.835311,-134.275105,1704.0,2022-07-15T19:47:10Z
58.835411,-134.274926,1706.0,2022-07-15T19:47:26Z
58.835457,-134.274887,1707.0,2022-07-15T19:47:36Z
58.835492,-134.274783,1707.0,2022-07-15T19:47:45Z
58.835546,-134.274700,1709.0,2022-07-15T19:47:59Z
58.835584,-134.274584,1712.0,2022-07-15T19:48:13Z
58.835623,-134.274247,1716.0,2022-07-15T19:48:37Z
58.835623,-134.274102,1716.0,2022-07-15T19:48:49Z
58.835659,-134.273974,1718.4,2022-07-15T19:48:59Z,5.000000
58.835653,-134.273716,1718.0,2022-07-15T19:49:13Z
58.835686,-134.273498,1720.0,2022-07-15T19:49:23Z
58.835690,-134.273232,1721.0,2022-07-15T19:49:35Z
58.835741,-134.273092,1722.0,2022-07-15T19:49:44Z
58.835769,-134.272951,1723.0,2022-07-15T19:49:53Z
58.835810,-134.272849,1725.0,2022-07-15T19:50:00Z
58.835820,-134.272780,1724.0,2022-07-15T19:50:06Z
58.835853,-134.272677,1725.0,2022-07-15T19:50:13Z
58.835917,-134.272311,1728.7,2022-07-15T19:50:37Z,5.000000
58.835990,-134.272165,1729.0,2022-07-15T19:50:52Z
58.836046,-134.271933,1730.0,2022-07-15T19:51:06Z
58.836080,-134.271868,1731.0,2022-07-15T19:51:10Z
58.836072,-134.271830,1731.0,2022-07-15T19:51:13Z
58.836100,-134.271726,1731.0,2022-07-15T19:51:20Z
58.836102,-134.271555,1732.0,2022-07-15T19:51:31Z
58.836124,-134.271443,1734.0,2022-07-15T19:51:38Z
58.836146,-134.271152,1734.0,2022-07-15T19:51:52Z
58.836174,-134.271030,1734.0,2022-07-15T19:51:58Z
58.836181,-134.270885,1736.0,2022-07-15T19:52:07Z
58.836234,-134.270701,1737.0,2022-07-15T19:52:14Z
58.836230,-134.270619,1738.0,2022-07-15T19:52:20Z
58.836238,-134.270443,1738.0,2022-07-15T19:52:29Z
58.836253,-134.270375,1738.0,2022-07-15T19:52:33Z
58.836252,-134.270265,1739.0,2022-07-15T19:52:37Z
58.836282,-134.270093,1740.0,2022-07-15T19:52:45Z
58.836308,-134.269849,1742.0,2022-07-15T19:52:59Z
58.836356,-134.269638,1742.7,2022-07-15T19:53:07Z,5.000000
58.836406,-134.269513,1742.0,2022-07-15T19:53:13Z
58.836422,-134.269484,1742.0,2022-07-15T19:53:15Z
58.836448,-134.269462,1742.0,2022-07-15T19:53:17Z
58.836517,-134.269127,1742.0,2022-07-15T19:53:31Z
58.836766,-134.268312,1743.0,2022-07-15T19:54:16Z
58.836812,-134.268257,1744.0,2022-07-15T19:54:22Z
58.836864,-134.268156,1743.0,2022-07-15T19:54:28Z
58.836916,-134.268099,1743.0,2022-07-15T19:54:35Z
58.836987,-134.267963,1746.0,2022-07-15T19:54:44Z
58.837111,-134.267770,1746.0,2022-07-15T19:55:00Z
58.837184,-134.267681,1746.0,2022-07-15T19:55:10Z
58.837366,-134.267316,1748.0,2022-07-15T19:55:34Z
58.837400,-134.267279,1749.0,2022-07-15T19:55:40Z
58.837611,-134.266935,1750.0,2022-07-15T19:56:16Z
58.837675,-134.266801,1752.0,2022-07-15T19:56:24Z
58.837789,-134.266636,1752.0,2022-07-15T19:56:40Z
58.837833,-134.266545,1752.0,2022-07-15T19:56:47Z
58.837903,-134.266468,1754.0,2022-07-15T19:56:57Z
58.838034,-134.266225,1754.0,2022-07-15T19:57:14Z
58.838103,-134.266049,1755.0,2022-07-15T19:57:27Z
58.838227,-134.265781,1756.0,2022-07-15T19:57:43Z
58.838361,-134.265611,1758.0,2022-07-15T19:57:59Z
58.838471,-134.265511,1756.0,2022-07-15T19:58:13Z
58.838511,-134.265437,1758.0,2022-07-15T19:58:18Z
58.838610,-134.265165,1758.0,2022-07-15T19:58:35Z
58.838707,-134.264792,1758.0,2022-07-15T19:58:54Z
58.838755,-134.264549,1772.0,2022-07-15T19:59:06Z
58.838762,-134.264372,1772.5,2022-07-15T19:59:13Z,5.000000
58.838790,-134.264198,1765.0,2022-07-15T19:59:20Z
58.838782,-134.264132,1761.0,2022-07-15T19:59:26Z
58.838847,-134.263761,1759.2,2022-07-15T19:59:36Z,5.000000
58.838939,-134.262528,1751.5,2022-07-15T19:59:54Z,5.000000
58.839021,-134.261648,1745.8,2022-07-15T20:00:06Z,5.000000
58.839041,-134.261248,1744.1,2022-07-15T20:00:14Z,5.000000
58.839062,-134.261130,1742.0,2022-07-15T20:00:18Z
58.839071,-134.260956,1750.4,2022-07-15T20:00:23Z,5.000000
58.839092,-134.260856,1737.3,2022-07-15T20:00:26Z,5.000000
58.839100,-134.260701,1742.0,2022-07-15T20:00:31Z
58.839075,-134.260293,1740.0,2022-07-15T20:00:47Z
58.839084,-134.260251,1740.0,2022-07-15T20:00:50Z
58.839094,-134.259857,1740.0,2022-07-15T20:01:10Z
58.839112,-134.259788,1739.0,2022-07-15T20:01:14Z
58.839285,-134.259556,1737.0,2022-07-15T20:01:35Z
58.839429,-134.259328,1737.0,2022-07-15T20:01:56Z
58.839588,-134.258925,1736.0,2022-07-15T20:02:14Z
58.839647,-134.258728,1736.0,2022-07-15T20:02:23Z
58.839677,-134.258663,1738.0,2022-07-15T20:02:27Z
58.839736,-134.258451,1738.0,2022-07-15T20:02:38Z
58.839774,-134.258140,1740.0,2022-07-15T20:02:52Z
58.839794,-134.258050,1741.0,2022-07-15T20:02:56Z
58.839815,-134.257782,1740.0,2022-07-15T20:03:04Z
58.839803,-134.257473,1738.0,2022-07-15T20:03:16Z
58.839761,-134.257290,1738.0,2022-07-15T20:03:24Z
58.839748,-134.257021,1738.0,2022-07-15T20:03:37Z
58.839753,-134.256868,1738.0,2022-07-15T20:03:43Z
58.839706,-134.256378,1736.0,2022-07-15T20:04:00Z
58.839709,-134.256034,1736.0,2022-07-15T20:04:13Z
58.839744,-134.255775,1736.0,2022-07-15T20:04:22Z
58.839748,-134.255629,1736.0,2022-07-15T20:04:28Z
58.839775,-134.255493,1736.0,2022-07-15T20:04:33Z
58.839777,-134.255247,1735.0,2022-07-15T20:04:44Z
58.839851,-134.254603,1735.7,2022-07-15T20:05:15Z,5.000000
58.839889,-134.254426,1734.0,2022-07-15T20:05:22Z
58.839902,-134.254290,1733.0,2022-07-15T20:05:28Z
58.839939,-134.254154,1733.0,2022-07-15T20:05:34Z
58.840039,-134.253868,1732.0,2022-07-15T20:05:50Z
58.840046,-134.253803,1733.0,2022-07-15T20:05:55Z
58.840077,-134.253740,1734.0,2022-07-15T20:06:01Z
58.840097,-134.253669,1734.0,2022-07-15T20:06:06Z
58.840264,-134.253243,1737.0,2022-07-15T20:06:35Z
58.840314,-134.253011,1736.0,2022-07-15T20:06:47Z
58.840375,-134.252883,1738.0,2022-07-15T20:06:56Z
58.840451,-134.252638,1738.4,2022-07-15T20:07:07Z,5.000000
58.840557,-134.252400,1736.0,2022-07-15T20:07:23Z
58.840607,-134.252242,1736.0,2022-07-15T20:07:31Z
58.840695,-134.252067,1737.4,2022-07-15T20:07:41Z,5.000000
58.840728,-134.252022,1737.0,2022-07-15T20:07:44Z
58.840759,-134.251916,1738.0,2022-07-15T20:07:51Z
58.840816,-134.251787,1736.0,2022-07-15T20:07:57Z
58.840839,-134.251614,1737.0,2022-07-15T20:08:04Z
58.840841,-134.251343,1737.0,2022-07-15T20:08:19Z
58.840866,-134.251245,1738.0,2022-07-15T20:08:23Z
58.840856,-134.251145,1738.0,2022-07-15T20:08:27Z
58.840794,-134.250860,1740.0,2022-07-15T20:08:39Z
58.840704,-134.250603,1741.0,2022-07-15T20:08:51Z
58.840670,-134.250534,1742.0,2022-07-15T20:08:54Z
58.840570,-134.250385,1740.0,2022-07-15T20:09:05Z
58.840244,-134.250171,1740.0,2022-07-15T20:09:27Z
58.839796,-134.249765,1739.0,2022-07-15T20:10:00Z
58.839666,-134.249594,1736.0,2022-07-15T20:10:12Z
58.839551,-134.249489,1736.0,2022-07-15T20:10:20Z
58.839497,-134.249408,1734.0,2022-07-15T20:10:26Z
58.839440,-134.249365,1733.0,2022-07-15T20:10:30Z
58.839381,-134.249338,1734.0,2022-07-15T20:10:34Z
58.839248,-134.249221,1732.0,2022-07-15T20:10:45Z
58.839154,-134.249159,1734.0,2022-07-15T20:10:50Z
58.839079,-134.249076,1737.0,2022-07-15T20:10:57Z
58.838976,-134.248920,1737.0,2022-07-15T20:11:09Z
58.838849,-134.248807,1732.0,2022-07-15T20:11:20Z
58.838647,-134.248594,1742.0,2022-07-15T20:11:37Z
58.838509,-134.248355,1745.0,2022-07-15T20:11:52Z
58.838481,-134.248275,1745.0,2022-07-15T20:11:57Z
58.838388,-134.248167,1742.0,2022-07-15T20:12:03Z
58.838311,-134.247928,1740.0,2022-07-15T20:12:14Z
58.838250,-134.247825,1738.0,2022-07-15T20:12:22Z
58.838164,-134.247500,1734.0,2022-07-15T20:12:40Z
58.838135,-134.247217,1736.0,2022-07-15T20:12:55Z
58.838129,-134.246788,1730.0,2022-07-15T20:13:15Z
58.838149,-134.246701,1730.0,2022-07-15T20:13:19Z
58.838156,-134.246598,1730.0,2022-07-15T20:13:23Z
58.838154,-134.246375,1728.0,2022-07-15T20:13:33Z
58.838169,-134.246175,1729.0,2022-07-15T20:13:43Z
58.838164,-134.246023,1730.0,2022-07-15T20:13:51Z
58.838181,-134.245925,1730.0,2022-07-15T20:13:54Z
58.838183,-134.245848,1729.7,2022-07-15T20:13:58Z,5.000000
58.838153,-134.245573,1728.0,2022-07-15T20:14:10Z
58.838168,-134.245365,1730.0,2022-07-15T20:14:20Z
58.838209,-134.245102,1734.0,2022-07-15T20:14:32Z
58.838219,-134.244963,1734.0,2022-07-15T20:14:38Z
58.838209,-134.244844,1732.0,2022-07-15T20:14:44Z
58.838208,-134.244386,1728.0,2022-07-15T20:15:08Z
58.838198,-134.244166,1730.0,2022-07-15T20:15:19Z
58.838177,-134.244078,1730.0,2022-07-15T20:15:23Z
58.838133,-134.243718,1731.0,2022-07-15T20:15:39Z
58.838092,-134.243547,1732.0,2022-07-15T20:15:47Z
58.838067,-134.243280,1734.0,2022-07-15T20:15:59Z
58.838019,-134.243111,1732.0,2022-07-15T20:16:07Z
58.837975,-134.242728,1734.0,2022-07-15T20:16:24Z
58.837895,-134.242404,1737.0,2022-07-15T20:16:39Z
58.837874,-134.242274,1736.0,2022-07-15T20:16:45Z
58.837817,-134.242100,1738.0,2022-07-15T20:16:53Z
58.837783,-134.241937,1736.0,2022-07-15T20:17:01Z
58.837670,-134.241701,1736.0,2022-07-15T20:17:14Z
58.837547,-134.241502,1737.0,2022-07-15T20:17:29Z
58.837465,-134.241390,1736.0,2022-07-15T20:17:38Z
58.837329,-134.241148,1738.0,2022-07-15T20:17:55Z
58.837243,-134.241033,1738.0,2022-07-15T20:18:04Z
58.837134,-134.240853,1739.0,2022-07-15T20:18:17Z
58.837088,-134.240756,1737.0,2022-07-15T20:18:23Z
58.837089,-134.240695,1737.0,2022-07-15T20:18:27Z
58.836954,-134.240519,1738.0,2022-07-15T20:18:39Z
58.836863,-134.240443,1736.0,2022-07-15T20:18:45Z
58.836755,-134.240265,1732.0,2022-07-15T20:18:54Z
58.836717,-134.240177,1732.0,2022-07-15T20:18:59Z
58.836672,-134.240116,1733.0,2022-07-15T20:19:04Z
58.836525,-134.239801,1740.0,2022-07-15T20:19:27Z
58.836455,-134.239713,1740.0,2022-07-15T20:19:36Z
58.836411,-134.239613,1744.0,2022-07-15T20:19:41Z
58.836351,-134.239414,1745.0,2022-07-15T20:19:52Z
58.836301,-134.239309,1743.0,2022-07-15T20:19:59Z
58.836264,-134.239176,1742.0,2022-07-15T20:20:06Z
58.836182,-134.239006,1740.0,2022-07-15T20:20:15Z
58.836149,-134.238908,1740.0,2022-07-15T20:20:27Z
58.836119,-134.238871,1738.0,2022-07-15T20:20:31Z
58.836083,-134.238902,1740.0,2022-07-15T20:20:34Z
58.836020,-134.239008,1736.0,2022-07-15T20:20:41Z
58.835858,-134.239224,1734.0,2022-07-15T20:20:55Z
58.835739,-134.239365,1731.0,2022-07-15T20:21:05Z
58.835675,-134.239408,1728.0,2022-07-15T20:21:10Z
58.835560,-134.239411,1728.0,2022-07-15T20:21:19Z
58.835322,-134.239537,1728.0,2022-07-15T20:21:41Z
58.835283,-134.239540,1729.0,2022-07-15T20:21:44Z
58.835208,-134.239521,1731.0,2022-07-15T20:21:50Z
58.835132,-134.239537,1730.0,2022-07-15T20:21:56Z
58.834831,-134.239716,1728.0,2022-07-15T20:22:22Z
58.834760,-134.239732,1725.0,2022-07-15T20:22:29Z
58.834700,-134.239769,1726.0,2022-07-15T20:22:35Z
58.834661,-134.239773,1728.0,2022-07-15T20:22:38Z
58.834520,-134.239747,1731.0,2022-07-15T20:22:50Z
58.834331,-134.239761,1730.0,2022-07-15T20:23:06Z
58.834188,-134.239748,1731.0,2022-07-15T20:23:20Z
58.834155,-134.239752,1731.0,2022-07-15T20:23:23Z
58.834092,-134.239782,1730.0,2022-07-15T20:23:29Z
58.833941,-134.239806,1731.0,2022-07-15T20:23:42Z
58.833826,-134.239789,1731.0,2022-07-15T20:23:53Z
58.833727,-134.239762,1734.0,2022-07-15T20:24:03Z
58.833601,-134.239753,1735.0,2022-07-15T20:24:14Z
58.833554,-134.239736,1734.0,2022-07-15T20:24:17Z
58.833382,-134.239838,1740.0,2022-07-15T20:24:35Z
58.833270,-134.239842,1740.0,2022-07-15T20:24:44Z
58.833163,-134.239880,1738.0,2022-07-15T20:24:53Z
58.833090,-134.239890,1738.0,2022-07-15T20:24:59Z
58.832784,-134.239845,1734.0,2022-07-15T20:25:26Z
58.832628,-134.239878,1733.2,2022-07-15T20:25:39Z,5.000000
58.832580,-134.239902,1736.0,2022-07-15T20:25:44Z
58.832438,-134.239924,1735.0,2022-07-15T20:25:57Z
58.832346,-134.239957,1736.0,2022-07-15T20:26:05Z
58.832237,-134.239942,1734.0,2022-07-15T20:26:14Z
58.832103,-134.239953,1732.0,2022-07-15T20:26:24Z
58.832032,-134.239907,1732.0,2022-07-15T20:26:34Z
58.831964,-134.239877,1733.0,2022-07-15T20:26:39Z
58.831838,-134.239840,1732.0,2022-07-15T20:26:54Z
58.831735,-134.239822,1731.0,2022-07-15T20:27:04Z
58.831615,-134.239772,1732.0,2022-07-15T20:27:14Z
58.831571,-134.239772,1733.1,2022-07-15T20:27:19Z,5.000000
58.831481,-134.239720,1731.0,2022-07-15T20:27:28Z
58.831351,-134.239719,1728.0,2022-07-15T20:27:40Z
58.831174,-134.239685,1728.0,2022-07-15T20:27:56Z
58.831076,-134.239682,1729.0,2022-07-15T20:28:04Z
58.830949,-134.239691,1731.0,2022-07-15T20:28:15Z
58.830885,-134.239714,1731.0,2022-07-15T20:28:20Z
58.830782,-134.239706,1728.0,2022-07-15T20:28:31Z
58.830676,-134.239724,1730.0,2022-07-15T20:28:43Z
58.830523,-134.239823,1732.0,2022-07-15T20:28:54Z
58.830409,-134.239832,1731.0,2022-07-15T20:29:04Z
58.830307,-134.239892,1728.0,2022-07-15T20:29:12Z
58.830140,-134.239926,1730.0,2022-07-15T20:29:27Z
58.830085,-134.239962,1730.0,2022-07-15T20:29:31Z
58.830007,-134.240048,1727.0,2022-07-15T20:29:38Z
58.829884,-134.240131,1728.0,2022-07-15T20:29:50Z
58.829819,-134.240154,1728.0,2022-07-15T20:29:57Z
58.829785,-134.240143,1730.0,2022-07-15T20:30:00Z
58.829642,-134.240138,1728.0,2022-07-15T20:30:12Z
58.829577,-134.240169,1725.0,2022-07-15T20:30:19Z
58.829486,-134.240170,1725.0,2022-07-15T20:30:29Z
58.829430,-134.240195,1726.0,2022-07-15T20:30:34Z
58.829380,-134.240192,1725.0,2022-07-15T20:30:39Z
58.829277,-134.240224,1728.0,2022-07-15T20:30:49Z
58.829171,-134.240230,1729.0,2022-07-15T20:31:00Z
58.829133,-134.240258,1728.0,2022-07-15T20:31:03Z
58.829071,-134.240282,1728.0,2022-07-15T20:31:09Z
58.829007,-134.240273,1730.0,2022-07-15T20:31:15Z
58.828968,-134.240248,1728.0,2022-07-15T20:31:19Z
58.828905,-134.240263,1730.0,2022-07-15T20:31:24Z
58.828778,-134.240375,1728.0,2022-07-15T20:31:37Z
58.828711,-134.240386,1729.0,2022-07-15T20:31:43Z
58.828630,-134.240450,1732.0,2022-07-15T20:31:51Z
58.828446,-134.240521,1731.0,2022-07-15T20:32:09Z
58.828395,-134.240558,1732.0,2022-07-15T20:32:14Z
58.828248,-134.240619,1732.0,2022-07-15T20:32:31Z
58.828173,-134.240624,1731.0,2022-07-15T20:32:39Z
58.828112,-134.240668,1731.0,2022-07-15T20:32:45Z
58.827872,-134.240768,1736.0,2022-07-15T20:33:10Z
58.827802,-134.240776,1733.0,2022-07-15T20:33:18Z
58.827735,-134.240806,1736.0,2022-07-15T20:33:24Z
58.827664,-134.240874,1737.0,2022-07-15T20:33:31Z
58.827633,-134.240891,1738.0,2022-07-15T20:33:34Z
58.827541,-134.240914,1740.0,2022-07-15T20:33:43Z
58.827424,-134.240970,1738.0,2022-07-15T20:33:54Z
58.827337,-134.240981,1736.0,2022-07-15T20:34:04Z
58.827205,-134.241050,1731.0,2022-07-15T20:34:16Z
58.827003,-134.241121,1736.0,2022-07-15T20:34:39Z
58.826883,-134.241217,1736.0,2022-07-15T20:34:50Z
58.826833,-134.241191,1735.0,2022-07-15T20:34:57Z
58.826763,-134.241206,1736.0,2022-07-15T20:35:04Z
58.826696,-134.241189,1737.0,2022-07-15T20:35:12Z
58.826633,-134.241220,1740.0,2022-07-15T20:35:18Z
58.826561,-134.241228,1736.0,2022-07-15T20:35:26Z
58.826477,-134.241283,1737.0,2022-07-15T20:35:34Z
58.826421,-134.241302,1737.0,2022-07-15T20:35:39Z
58.826339,-134.241374,1741.0,2022-07-15T20:35:47Z
58.826274,-134.241372,1742.0,2022-07-15T20:35:54Z
58.826240,-134.241391,1743.0,2022-07-15T20:35:57Z
58.826172,-134.241399,1740.0,2022-07-15T20:36:04Z
58.826141,-134.241379,1742.0,2022-07-15T20:36:09Z
58.825983,-134.241442,1742.0,2022-07-15T20:36:24Z
58.825886,-134.241502,1744.0,2022-07-15T20:36:34Z
58.825815,-134.241511,1742.0,2022-07-15T20:36:40Z
58.825788,-134.241529,1740.0,2022-07-15T20:36:43Z
58.825718,-134.241527,1743.0,2022-07-15T20:36:50Z
58.825575,-134.241487,1747.0,2022-07-15T20:37:05Z
58.825543,-134.241489,1748.0,2022-07-15T20:37:09Z
58.825481,-134.241525,1745.0,2022-07-15T20:37:14Z
58.825454,-134.241559,1745.7,2022-07-15T20:37:17Z,5.000000
58.825361,-134.241613,1745.0,2022-07-15T20:37:26Z
58.825294,-134.241623,1745.0,2022-07-15T20:37:33Z
58.825224,-134.241706,1744.0,2022-07-15T20:37:41Z
58.825124,-134.241760,1744.0,2022-07-15T20:37:49Z
58.825088,-134.241811,1744.0,2022-07-15T20:37:54Z
58.825054,-134.241802,1741.0,2022-07-15T20:37:57Z
58.824973,-134.241726,1742.0,2022-07-15T20:38:04Z
58.824858,-134.241642,1740.0,2022-07-15T20:38:15Z
58.824788,-134.241649,1740.0,2022-07-15T20:38:22Z
58.824711,-134.241626,1740.0,2022-07-15T20:38:29Z
58.824640,-134.241626,1741.0,2022-07-15T20:38:36Z
58.824515,-134.241686,1747.0,2022-07-15T20:38:49Z
58.824423,-134.241862,1745.0,2022-07-15T20:39:01Z
58.824381,-134.241887,1743.0,2022-07-15T20:39:06Z
58.824316,-134.241882,1739.0,2022-07-15T20:39:12Z
58.824282,-134.241953,1737.0,2022-07-15T20:39:17Z
58.824244,-134.241969,1737.0,2022-07-15T20:39:20Z
58.824174,-134.241970,1736.0,2022-07-15T20:39:27Z
58.824146,-134.241952,1735.0,2022-07-15T20:39:31Z
58.824096,-134.242012,1734.0,2022-07-15T20:39:38Z
58.824027,-134.242026,1735.0,2022-07-15T20:39:44Z
58.823983,-134.242090,1733.0,2022-07-15T20:39:49Z
58.823776,-134.242059,1740.0,2022-07-15T20:40:08Z
58.823649,-134.242125,1740.0,2022-07-15T20:40:19Z
58.823557,-134.242202,1741.0,2022-07-15T20:40:26Z
58.823467,-134.242247,1743.0,2022-07-15T20:40:34Z
58.823401,-134.242366,1740.0,2022-07-15T20:40:45Z
58.823342,-134.242416,1743.0,2022-07-15T20:40:51Z
58.823269,-134.242456,1743.0,2022-07-15T20:40:57Z
58.823138,-134.242459,1743.0,2022-07-15T20:41:09Z
58.823098,-134.242470,1742.0,2022-07-15T20:41:12Z
58.823028,-134.242465,1741.0,2022-07-15T20:41:18Z
58.822935,-134.242478,1740.0,2022-07-15T20:41:24Z
58.822890,-134.242469,1743.6,2022-07-15T20:41:30Z,5.000000
58.822774,-134.242497,1747.0,2022-07-15T20:41:42Z
58.822723,-134.242559,1746.0,2022-07-15T20:41:48Z
58.822676,-134.242656,1749.0,2022-07-15T20:41:55Z
58.822613,-134.242688,1749.0,2022-07-15T20:42:01Z
58.822447,-134.242675,1747.8,2022-07-15T20:42:19Z,5.000000
58.822390,-134.242649,1748.0,2022-07-15T20:42:26Z
58.822351,-134.242651,1748.0,2022-07-15T20:42:30Z
58.822326,-134.242672,1746.0,2022-07-15T20:42:33Z
58.822318,-134.242830,1740.0,2022-07-15T20:42:42Z
58.822301,-134.242896,1737.0,2022-07-15T20:42:47Z
58.822277,-134.242924,1738.0,2022-07-15T20:42:50Z
58.822215,-134.242951,1743.0,2022-07-15T20:42:54Z
58.822168,-134.243009,1740.0,2022-07-15T20:42:59Z
58.822108,-134.243039,1742.0,2022-07-15T20:43:04Z
58.822059,-134.243034,1742.0,2022-07-15T20:43:09Z
58.822018,-134.243046,1742.0,2022-07-15T20:43:12Z
58.821947,-134.243048,1743.0,2022-07-15T20:43:17Z
58.821873,-134.243040,1746.0,2022-07-15T20:43:23Z
58.821819,-134.243087,1742.0,2022-07-15T20:43:29Z
58.821794,-134.243202,1740.0,2022-07-15T20:43:35Z
58.821767,-134.243229,1740.0,2022-07-15T20:43:38Z
58.821699,-134.243251,1745.0,2022-07-15T20:43:44Z
58.821614,-134.243251,1748.0,2022-07-15T20:43:53Z
58.821536,-134.243309,1747.0,2022-07-15T20:44:01Z
58.821470,-134.243383,1748.0,2022-07-15T20:44:08Z
58.821326,-134.243492,1746.0,2022-07-15T20:44:22Z
58.821300,-134.243581,1744.0,2022-07-15T20:44:26Z
58.821125,-134.243590,1742.0,2022-07-15T20:44:39Z
58.821090,-134.243626,1744.2,2022-07-15T20:44:44Z,5.000000
58.821053,-134.243707,1743.0,2022-07-15T20:44:50Z
58.820980,-134.243730,1742.0,2022-07-15T20:44:56Z
58.820973,-134.243768,1740.0,2022-07-15T20:44:59Z
58.820925,-134.243812,1739.0,2022-07-15T20:45:06Z
58.820908,-134.243899,1736.0,2022-07-15T20:45:11Z
58.820880,-134.243959,1737.0,2022-07-15T20:45:15Z
58.820793,-134.244025,1736.0,2022-07-15T20:45:29Z
58.820744,-134.244040,1738.0,2022-07-15T20:45:34Z
58.820691,-134.244036,1740.0,2022-07-15T20:45:39Z
58.820637,-134.244075,1740.0,2022-07-15T20:45:45Z
58.820614,-134.244209,1737.0,2022-07-15T20:45:51Z
58.820585,-134.244241,1737.0,2022-07-15T20:45:54Z
58.820555,-134.244309,1737.0,2022-07-15T20:45:59Z
58.820408,-134.244399,1740.0,2022-07-15T20:46:12Z
58.820379,-134.244423,1740.0,2022-07-15T20:46:15Z
58.820345,-134.244480,1740.0,2022-07-15T20:46:19Z
58.820291,-134.244514,1742.0,2022-07-15T20:46:24Z
58.820279,-134.244611,1740.0,2022-07-15T20:46:29Z
58.820266,-134.244642,1740.0,2022-07-15T20:46:31Z
58.820216,-134.244673,1740.0,2022-07-15T20:46:39Z
58.820077,-134.244719,1746.0,2022-07-15T20:46:53Z
58.819964,-134.244713,1749.0,2022-07-15T20:47:05Z
58.819908,-134.244756,1752.0,2022-07-15T20:47:12Z
58.819871,-134.244757,1755.0,2022-07-15T20:47:15Z
58.819802,-134.244811,1755.0,2022-07-15T20:47:25Z
58.819754,-134.244901,1753.0,2022-07-15T20:47:33Z
58.819743,-134.244998,1752.0,2022-07-15T20:47:37Z
58.819653,-134.245182,1748.0,2022-07-15T20:47:58Z
58.819598,-134.245192,1752.0,2022-07-15T20:48:04Z
58.819523,-134.245252,1755.0,2022-07-15T20:48:13Z
58.819462,-134.245259,1755.0,2022-07-15T20:48:20Z
58.819445,-134.245289,1752.0,2022-07-15T20:48:25Z
58.819441,-134.245361,1748.0,2022-07-15T20:48:34Z
58.819390,-134.245463,1749.0,2022-07-15T20:48:44Z
58.819267,-134.245531,1754.0,2022-07-15T20:48:54Z
58.819223,-134.245538,1755.7,2022-07-15T20:48:58Z,5.000000
58.819166,-134.245581,1756.0,2022-07-15T20:49:05Z
58.819135,-134.245590,1756.0,2022-07-15T20:49:09Z
58.819051,-134.245719,1758.0,2022-07-15T20:49:18Z
58.818979,-134.245746,1759.0,2022-07-15T20:49:24Z
58.818958,-134.245771,1760.0,2022-07-15T20:49:27Z
58.818946,-134.245811,1758.0,2022-07-15T20:49:29Z
58.818899,-134.245865,1759.0,2022-07-15T20:49:35Z
58.818865,-134.245882,1760.0,2022-07-15T20:49:38Z
58.818827,-134.245976,1760.0,2022-07-15T20:49:44Z
58.818749,-134.246125,1761.0,2022-07-15T20:49:58Z
58.818667,-134.246191,1764.0,2022-07-15T20:50:12Z
58.818611,-134.246279,1766.0,2022-07-15T20:50:23Z
58.818554,-134.246324,1770.0,2022-07-15T20:50:29Z
58.818503,-134.246397,1770.0,2022-07-15T20:50:36Z
58.818429,-134.246465,1770.0,2022-07-15T20:50:47Z
58.818356,-134.246463,1776.0,2022-07-15T20:50:55Z
58.818277,-134.246528,1776.0,2022-07-15T20:51:09Z
58.818226,-134.246646,1778.0,2022-07-15T20:51:24Z
58.818126,-134.246721,1780.0,2022-07-15T20:51:38Z
58.817990,-134.246740,1784.0,2022-07-15T20:51:56Z
58.817796,-134.246857,1788.0,2022-07-15T20:52:20Z
58.817711,-134.246987,1790.0,2022-07-15T20:52:32Z
58.817625,-134.247040,1793.0,2022-07-15T20:52:43Z
58.817581,-134.247095,1793.0,2022-07-15T20:52:49Z
58.817547,-134.247162,1794.0,2022-07-15T20:52:55Z
58.817463,-134.247205,1794.0,2022-07-15T20:53:04Z
58.817420,-134.247241,1794.0,2022-07-15T20:53:10Z
58.817328,-134.247296,1796.0,2022-07-15T20:53:22Z
58.817303,-134.247327,1796.0,2022-07-15T20:53:25Z
58.817235,-134.247457,1794.0,2022-07-15T20:53:34Z
58.817062,-134.247594,1798.0,2022-07-15T20:53:54Z
58.816905,-134.247664,1800.0,2022-07-15T20:54:11Z
58.816826,-134.247736,1800.0,2022-07-15T20:54:20Z
58.816643,-134.247951,1800.0,2022-07-15T20:54:44Z
58.816567,-134.248012,1800.0,2022-07-15T20:54:53Z
58.816477,-134.248058,1800.0,2022-07-15T20:55:05Z
58.816352,-134.248156,1800.0,2022-07-15T20:55:20Z
58.816178,-134.248335,1804.0,2022-07-15T20:55:43Z
58.816055,-134.248403,1803.0,2022-07-15T20:55:57Z
58.815939,-134.248614,1803.0,2022-07-15T20:56:13Z
58.815849,-134.248742,1806.0,2022-07-15T20:56:24Z
58.815711,-134.248996,1807.0,2022-07-15T20:56:45Z
58.815566,-134.249164,1809.0,2022-07-15T20:57:03Z
58.815483,-134.249336,1810.0,2022-07-15T20:57:16Z
58.815221,-134.249640,1812.0,2022-07-15T20:57:49Z
58.815183,-134.249703,1812.0,2022-07-15T20:57:54Z
58.815090,-134.249820,1812.0,2022-07-15T20:58:04Z
58.814933,-134.249991,1812.0,2022-07-15T20:58:25Z
58.814882,-134.250079,1812.0,2022-07-15T20:58:31Z
58.814810,-134.250173,1814.0,2022-07-15T20:58:40Z
58.814655,-134.250452,1815.0,2022-07-15T20:59:00Z
58.814565,-134.250575,1818.0,2022-07-15T20:59:12Z
58.814537,-134.250648,1818.0,2022-07-15T20:59:16Z
58.814460,-134.250724,1818.0,2022-07-15T20:59:25Z
58.814431,-134.250784,1818.0,2022-07-15T20:59:30Z
58.814379,-134.250837,1818.0,2022-07-15T20:59:37Z
58.814292,-134.251024,1818.0,2022-07-15T20:59:51Z
58.814202,-134.251125,1818.0,2022-07-15T21:00:03Z
58.814081,-134.251389,1818.0,2022-07-15T21:00:20Z
58.814024,-134.251477,1818.0,2022-07-15T21:00:28Z
58.813985,-134.251590,1820.0,2022-07-15T21:00:34Z
58.813948,-134.251652,1820.0,2022-07-15T21:00:40Z
58.813878,-134.251833,1820.0,2022-07-15T21:00:50Z
58.813859,-134.251868,1820.0,2022-07-15T21:00:53Z
58.813830,-134.251890,1818.0,2022-07-15T21:00:56Z
58.813739,-134.252005,1822.0,2022-07-15T21:01:08Z
58.813615,-134.252296,1824.3,2022-07-15T21:01:28Z,5.000000
58.813547,-134.252389,1824.0,2022-07-15T21:01:36Z
58.813486,-134.252528,1826.0,2022-07-15T21:01:45Z
58.813466,-134.252621,1826.0,2022-07-15T21:01:49Z
58.813382,-134.252726,1826.0,2022-07-15T21:01:58Z
58.813304,-134.252887,1827.0,2022-07-15T21:02:09Z
58.813137,-134.253303,1828.0,2022-07-15T21:02:33Z
58.812897,-134.253801,1832.0,2022-07-15T21:03:04Z
58.812874,-134.253871,1833.0,2022-07-15T21:03:09Z
58.812686,-134.254266,1836.0,2022-07-15T21:03:40Z
58.812601,-134.254479,1837.0,2022-07-15T21:03:54Z
58.812568,-134.254526,1838.0,2022-07-15T21:03:59Z
58.812485,-134.254764,1839.0,2022-07-15T21:04:17Z
58.812475,-134.254909,1835.0,2022-07-15T21:04:45Z
58.812447,-134.254888,1837.0,2022-07-15T21:05:34Z
58.812469,-134.254867,1837.0,2022-07-15T21:06:49Z
58.812565,-134.254965,1836.0,2022-07-15T21:07:23Z
58.812629,-134.255009,1833.0,2022-07-15T21:07:28Z
58.812667,-134.254987,1832.0,2022-07-15T21:07:32Z
58.812700,-134.254934,1832.0,2022-07-15T21:08:04Z
58.812660,-134.254971,1836.0,2022-07-15T21:08:44Z
58.812624,-134.254964,1835.0,2022-07-15T21:08:58Z
58.812565,-134.254914,1835.0,2022-07-15T21:09:10Z
58.812538,-134.254930,1833.0,2022-07-15T21:17:32Z
58.812507,-134.255066,1836.0,2022-07-15T21:17:42Z
58.812461,-134.255536,1836.0,2022-07-15T21:18:03Z
58.812390,-134.255820,1840.0,2022-07-15T21:18:21Z
58.812299,-134.256498,1844.0,2022-07-15T21:18:53Z
58.812299,-134.256677,1840.0,2022-07-15T21:18:58Z
58.812266,-134.256769,1842.0,2022-07-15T21:19:08Z
58.812239,-134.256939,1844.0,2022-07-15T21:19:19Z
58.812205,-134.257497,1846.0,2022-07-15T21:19:45Z
58.812204,-134.257699,1846.0,2022-07-15T21:19:55Z
58.812173,-134.258162,1848.0,2022-07-15T21:20:20Z
58.812169,-134.258392,1848.0,2022-07-15T21:20:32Z
58.812187,-134.258651,1848.0,2022-07-15T21:20:46Z
58.812173,-134.258835,1850.0,2022-07-15T21:20:57Z
58.812174,-134.259066,1850.0,2022-07-15T21:21:10Z
58.812191,-134.259195,1848.0,2022-07-15T21:21:17Z
58.812238,-134.259317,1850.0,2022-07-15T21:21:23Z
58.812235,-134.259377,1851.0,2022-07-15T21:21:29Z
58.812250,-134.259462,1851.0,2022-07-15T21:21:34Z
58.812242,-134.259529,1852.0,2022-07-15T21:21:40Z
58.812219,-134.259586,1854.0,2022-07-15T21:21:47Z
58.812240,-134.259927,1851.0,2022-07-15T21:22:11Z
58.812261,-134.260033,1852.0,2022-07-15T21:22:15Z
58.812370,-134.260357,1856.0,2022-07-15T21:22:31Z
58.812364,-134.260460,1854.0,2022-07-15T21:22:42Z
58.812390,-134.260616,1858.0,2022-07-15T21:22:50Z
58.812387,-134.260656,1858.0,2022-07-15T21:22:55Z
58.812432,-134.260788,1860.0,2022-07-15T21:23:05Z
58.812451,-134.260914,1860.0,2022-07-15T21:23:17Z
58.812432,-134.260942,1860.0,2022-07-15T21:23:21Z
58.812399,-134.260965,1860.0,2022-07-15T21:23:26Z
58.812400,-134.260999,1862.0,2022-07-15T21:23:30Z
58.812451,-134.261123,1862.0,2022-07-15T21:23:39Z
58.812486,-134.261134,1863.5,2022-07-15T21:23:44Z,5.000000
58.812515,-134.261220,1863.0,2022-07-15T21:23:51Z
58.812514,-134.261259,1866.0,2022-07-15T21:23:54Z
58.812495,-134.261286,1866.0,2022-07-15T21:23:57Z
58.812477,-134.261363,1866.0,2022-07-15T21:24:03Z
58.812450,-134.261427,1866.0,2022-07-15T21:24:09Z
58.812455,-134.261521,1867.0,2022-07-15T21:24:15Z
58.812413,-134.261507,1868.0,2022-07-15T21:24:20Z
58.812384,-134.261626,1869.0,2022-07-15T21:24:30Z
58.812397,-134.261765,1870.0,2022-07-15T21:24:39Z
58.812366,-134.261914,1874.0,2022-07-15T21:24:53Z
58.812360,-134.262021,1874.0,2022-07-15T21:24:58Z
58.812309,-134.262155,1876.0,2022-07-15T21:25:13Z
58.812285,-134.262177,1875.0,2022-07-15T21:25:17Z
58.812285,-134.262252,1880.0,2022-07-15T21:25:22Z
58.812263,-134.262290,1880.0,2022-07-15T21:25:29Z
58.812295,-134.262379,1882.0,2022-07-15T21:25:34Z
58.812302,-134.262427,1884.0,2022-07-15T21:25:37Z
58.812265,-134.262494,1884.0,2022-07-15T21:25:46Z
58.812226,-134.262638,1884.0,2022-07-15T21:25:58Z
58.812208,-134.262668,1885.0,2022-07-15T21:26:02Z
58.812196,-134.262774,1886.0,2022-07-15T21:26:10Z
58.812178,-134.262804,1888.2,2022-07-15T21:26:17Z,5.000000
58.812188,-134.262991,1888.0,2022-07-15T21:26:26Z
58.812116,-134.263135,1890.0,2022-07-15T21:26:51Z
58.812120,-134.263181,1890.0,2022-07-15T21:26:55Z
58.812113,-134.263127,1890.0,2022-07-15T21:27:01Z
58.812164,-134.263118,1888.0,2022-07-15T21:27:08Z
58.812198,-134.263151,1889.0,2022-07-15T21:27:15Z
58.812248,-134.263177,1885.0,2022-07-15T21:27:29Z
58.812267,-134.263206,1885.0,2022-07-15T21:27:35Z
58.812332,-134.263264,1888.0,2022-07-15T21:27:50Z
58.812336,-134.263318,1881.0,2022-07-15T21:27:58Z
58.812367,-134.263319,1888.0,2022-07-15T21:28:07Z
58.812392,-134.263341,1888.0,2022-07-15T21:28:13Z
58.812434,-134.263399,1888.0,2022-07-15T21:28:20Z
58.812442,-134.263434,1888.0,2022-07-15T21:28:24Z
58.812534,-134.263510,1890.0,2022-07-15T21:28:40Z
58.812599,-134.263540,1890.0,2022-07-15T21:28:51Z
58.812613,-134.263575,1885.0,2022-07-15T21:29:00Z
58.812670,-134.263612,1893.0,2022-07-15T21:29:15Z
58.812684,-134.263643,1895.0,2022-07-15T21:29:18Z
58.812664,-134.263940,1903.0,2022-07-15T21:29:46Z
58.812613,-134.264029,1907.0,2022-07-15T21:29:54Z
58.812599,-134.264110,1909.0,2022-07-15T21:29:58Z
58.812568,-134.264170,1910.0,2022-07-15T21:30:02Z
58.812538,-134.264361,1912.0,2022-07-15T21:30:11Z
58.812517,-134.264387,1912.0,2022-07-15T21:30:14Z
58.812463,-134.264339,1914.0,2022-07-15T21:30:21Z
58.812400,-134.264343,1914.0,2022-07-15T21:30:31Z
58.812351,-134.264399,1916.0,2022-07-15T21:30:35Z
58.812299,-134.264425,1915.0,2022-07-15T21:30:43Z
58.812278,-134.264450,1918.0,2022-07-15T21:30:47Z
58.812268,-134.264492,1920.0,2022-07-15T21:30:52Z
58.812149,-134.264506,1922.0,2022-07-15T21:31:13Z
58.812064,-134.264554,1923.0,2022-07-15T21:31:27Z
58.811977,-134.264709,1926.0,2022-07-15T21:31:40Z
58.811916,-134.264742,1929.0,2022-07-15T21:31:47Z
58.811877,-134.264793,1928.0,2022-07-15T21:31:53Z
58.811848,-134.264809,1929.0,2022-07-15T21:31:56Z
58.811825,-134.264869,1930.0,2022-07-15T21:32:00Z
58.811792,-134.264889,1929.0,2022-07-15T21:32:05Z
58.811771,-134.264917,1929.0,2022-07-15T21:32:08Z
58.811739,-134.264932,1928.0,2022-07-15T21:32:12Z
58.811710,-134.264920,1929.0,2022-07-15T21:32:15Z
58.811661,-134.264876,1930.0,2022-07-15T21:32:23Z
58.811624,-134.264927,1929.0,2022-07-15T21:32:29Z
58.811547,-134.264986,1931.0,2022-07-15T21:32:39Z
58.811491,-134.264922,1935.0,2022-07-15T21:32:49Z
58.811444,-134.264913,1937.1,2022-07-15T21:32:54Z,5.000000
58.811379,-134.264880,1936.0,2022-07-15T21:33:02Z
58.811279,-134.264888,1938.0,2022-07-15T21:33:11Z
58.811220,-134.264918,1938.0,2022-07-15T21:33:17Z
58.811149,-134.264901,1936.0,2022-07-15T21:33:24Z
58.811051,-134.264925,1936.0,2022-07-15T21:33:35Z
58.810923,-134.264905,1935.0,2022-07-15T21:33:48Z
58.810898,-134.264874,1935.0,2022-07-15T21:33:51Z
58.810827,-134.264861,1932.0,2022-07-15T21:33:59Z
58.810724,-134.264866,1932.0,2022-07-15T21:34:10Z
58.810621,-134.264808,1931.0,2022-07-15T21:34:19Z
58.810588,-134.264801,1929.0,2022-07-15T21:34:21Z
58.810551,-134.264809,1930.0,2022-07-15T21:34:24Z
58.810483,-134.264869,1930.0,2022-07-15T21:34:30Z
58.810425,-134.264848,1930.8,2022-07-15T21:34:35Z,5.000000
58.810373,-134.264861,1929.0,2022-07-15T21:34:40Z
58.810276,-134.264851,1926.0,2022-07-15T21:34:52Z
58.810243,-134.264899,1928.0,2022-07-15T21:34:57Z
58.810195,-134.264911,1926.0,2022-07-15T21:35:01Z
58.810158,-134.264892,1928.0,2022-07-15T21:35:05Z
58.810124,-134.264893,1925.0,2022-07-15T21:35:09Z
58.810032,-134.264936,1928.0,2022-07-15T21:35:20Z
58.809969,-134.264984,1928.0,2022-07-15T21:35:28Z
58.809901,-134.264992,1928.0,2022-07-15T21:35:35Z
58.809841,-134.265028,1928.0,2022-07-15T21:35:43Z
58.809807,-134.265019,1927.0,2022-07-15T21:35:46Z
58.809760,-134.264973,1926.0,2022-07-15T21:35:54Z
58.809690,-134.264999,1928.0,2022-07-15T21:36:03Z
58.809634,-134.264983,1928.0,2022-07-15T21:36:10Z
58.809603,-134.264937,1930.0,2022-07-15T21:36:17Z
58.809553,-134.264979,1929.0,2022-07-15T21:36:26Z
58.809476,-134.265118,1932.0,2022-07-15T21:36:38Z
58.809458,-134.265178,1930.0,2022-07-15T21:36:51Z
58.809473,-134.265220,1928.0,2022-07-15T21:36:58Z
58.809432,-134.265368,1931.0,2022-07-15T21:37:50Z
58.809431,-134.265315,1924.0,2022-07-15T21:38:27Z
58.809469,-134.265327,1930.0,2022-07-15T21:38:40Z
58.809476,-134.265381,1926.0,2022-07-15T21:38:53Z
58.809432,-134.265399,1927.0,2022-07-15T21:42:51Z
58.809450,-134.265287,1920.0,2022-07-15T21:43:08Z
58.809434,-134.265399,1925.0,2022-07-15T21:43:17Z
58.809415,-134.265364,1925.0,2022-07-15T21:54:30Z
58.809394,-134.265388,1925.0,2022-07-15T21:55:05Z
58.809395,-134.265430,1923.0,2022-07-15T21:55:55Z
58.809393,-134.265341,1922.0,2022-07-15T21:56:45Z
58.809370,-134.265350,1919.0,2022-07-15T22:00:05Z
58.809349,-134.265378,1919.0,2022-07-15T22:00:35Z
58.809312,-134.265365,1916.0,2022-07-15T22:00:47Z
58.809312,-134.265395,1918.0,2022-07-15T22:00:50Z
58.809371,-134.265420,1917.0,2022-07-15T22:01:05Z
58.809394,-134.265392,1917.0,2022-07-15T22:01:42Z
58.809426,-134.265414,1921.0,2022-07-15T22:02:10Z
58.809452,-134.265353,1925.0,2022-07-15T22:02:21Z
58.809413,-134.265276,1921.0,2022-07-15T22:02:57Z
58.809404,-134.265203,1924.0,2022-07-15T22:03:14Z
58.809433,-134.265009,1923.0,2022-07-15T22:03:18Z
58.809391,-134.265537,1923.0,2022-07-15T22:03:32Z
58.809399,-134.265495,1920.0,2022-07-15T22:03:37Z
58.809388,-134.265359,1923.0,2022-07-15T22:04:20Z
58.809391,-134.265287,1917.0,2022-07-15T22:05:00Z
58.809410,-134.265263,1923.0,2022-07-15T22:05:06Z
58.809413,-134.265368,1918.0,2022-07-15T22:05:15Z
58.809393,-134.265417,1923.0,2022-07-15T22:05:20Z
58.809397,-134.265176,1923.0,2022-07-15T22:05:36Z
58.809395,-134.265393,1922.0,2022-07-15T22:05:48Z
58.809356,-134.265382,1918.0,2022-07-15T22:08:04Z
58.809387,-134.265396,1923.0,2022-07-15T22:08:29Z
58.809420,-134.265352,1920.0,2022-07-15T22:16:10Z
58.809425,-134.265256,1926.0,2022-07-15T22:17:35Z
58.809383,-134.265234,1930.0,2022-07-15T22:28:25Z
58.809362,-134.265198,1926.0,2022-07-15T22:28:39Z
58.809305,-134.265173,1930.0,2022-07-15T22:28:52Z
58.809169,-134.265146,1931.0,2022-07-15T22:29:17Z
58.809092,-134.265141,1932.0,2022-07-15T22:29:32Z
58.809067,-134.265159,1932.0,2022-07-15T22:29:39Z
58.808980,-134.265121,1932.0,2022-07-15T22:29:56Z
58.808927,-134.265136,1938.0,2022-07-15T22:30:05Z
58.808841,-134.265116,1940.0,2022-07-15T22:30:31Z
58.808719,-134.265128,1944.0,2022-07-15T22:31:15Z
58.808701,-134.265162,1946.0,2022-07-15T22:31:22Z
58.808638,-134.265140,1950.0,2022-07-15T22:31:43Z
58.808602,-134.265151,1946.0,2022-07-15T22:31:57Z
58.808554,-134.265079,1953.0,2022-07-15T22:32:31Z
58.808529,-134.265101,1957.0,2022-07-15T22:32:35Z
58.808500,-134.265153,1958.5,2022-07-15T22:32:40Z,5.000000
58.808474,-134.265096,1953.0,2022-07-15T22:32:53Z
58.808407,-134.265110,1956.0,2022-07-15T22:33:20Z
58.808401,-134.265095,1962.0,2022-07-15T22:33:28Z
58.808334,-134.265139,1964.0,2022-07-15T22:33:43Z
58.808305,-134.265148,1955.0,2022-07-15T22:33:53Z
58.808255,-134.265147,1962.0,2022-07-15T22:34:15Z
58.808233,-134.265117,1964.1,2022-07-15T22:34:21Z,5.000000
58.808187,-134.265168,1960.0,2022-07-15T22:34:44Z
58.808151,-134.265176,1960.0,2022-07-15T22:34:52Z
58.808116,-134.265208,1964.0,2022-07-15T22:35:03Z
58.808115,-134.265167,1965.0,2022-07-15T22:35:11Z
58.808037,-134.265215,1955.0,2022-07-15T22:35:35Z
58.808037,-134.265309,1969.0,2022-07-15T22:36:02Z
58.808004,-134.265215,1968.0,2022-07-15T22:36:33Z
58.807954,-134.265234,1974.0,2022-07-15T22:36:45Z
58.807937,-134.265260,1975.0,2022-07-15T22:36:56Z
58.807932,-134.265225,1975.0,2022-07-15T22:37:07Z
58.807881,-134.265230,1980.0,2022-07-15T22:37:39Z
58.807882,-134.265187,1970.0,2022-07-15T22:37:54Z
58.807792,-134.265156,1976.0,2022-07-15T22:38:28Z
58.807754,-134.265193,1976.0,2022-07-15T22:38:48Z
58.807698,-134.265224,1980.0,2022-07-15T22:39:13Z
58.807663,-134.265210,1980.0,2022-07-15T22:39:24Z
58.807597,-134.265234,1976.0,2022-07-15T22:39:47Z
58.807563,-134.265282,1986.0,2022-07-15T22:40:03Z
58.807537,-134.265286,1986.0,2022-07-15T22:40:08Z
58.807506,-134.265248,1980.0,2022-07-15T22:40:21Z
58.807464,-134.265313,1986.0,2022-07-15T22:40:30Z
58.807411,-134.265358,1985.0,2022-07-15T22:40:46Z
58.807399,-134.265324,1986.0,2022-07-15T22:40:52Z
58.807382,-134.265354,1987.0,2022-07-15T22:40:58Z
58.807388,-134.265330,1989.5,2022-07-15T22:41:11Z,5.000000
58.807278,-134.265383,1984.0,2022-07-15T22:41:33Z
58.807255,-134.265355,1991.0,2022-07-15T22:41:45Z
58.807201,-134.265323,1988.0,2022-07-15T22:41:55Z
58.807136,-134.265207,1995.0,2022-07-15T22:42:27Z
58.807112,-134.265211,1996.0,2022-07-15T22:42:36Z
58.807098,-134.265178,1988.0,2022-07-15T22:42:49Z
58.807063,-134.265159,1997.0,2022-07-15T22:43:05Z
58.807029,-134.265124,2000.0,2022-07-15T22:43:14Z
58.806983,-134.265102,2002.0,2022-07-15T22:43:25Z
58.806898,-134.265087,2002.0,2022-07-15T22:43:46Z
58.806878,-134.265028,1998.0,2022-07-15T22:43:55Z
58.806843,-134.265035,1998.0,2022-07-15T22:44:01Z
58.806822,-134.265011,2001.0,2022-07-15T22:44:05Z
58.806792,-134.264931,2001.0,2022-07-15T22:44:13Z
58.806768,-134.264925,2001.0,2022-07-15T22:44:19Z
58.806733,-134.264897,2000.0,2022-07-15T22:44:28Z
58.806693,-134.264764,1998.0,2022-07-15T22:44:43Z
58.806662,-134.264740,1998.0,2022-07-15T22:44:49Z
58.806634,-134.264663,2004.0,2022-07-15T22:45:05Z
58.806582,-134.264588,2000.0,2022-07-15T22:45:20Z
58.806551,-134.264579,2002.0,2022-07-15T22:45:25Z
58.806524,-134.264517,2000.0,2022-07-15T22:45:34Z
58.806392,-134.264349,1997.0,2022-07-15T22:46:15Z
58.806345,-134.264348,1998.0,2022-07-15T22:46:24Z
58.806291,-134.264319,1998.0,2022-07-15T22:46:35Z
58.806210,-134.264327,1998.0,2022-07-15T22:46:51Z
58.806183,-134.264284,1998.0,2022-07-15T22:47:01Z
58.806076,-134.264270,1999.5,2022-07-15T22:47:35Z,5.000000
58.806002,-134.264219,2000.0,2022-07-15T22:48:02Z
58.805923,-134.264219,2002.0,2022-07-15T22:48:25Z
58.805862,-134.264206,2002.0,2022-07-15T22:48:46Z
58.805786,-134.264210,2008.0,2022-07-15T22:49:15Z
58.805742,-134.264245,2007.0,2022-07-15T22:49:38Z
58.805677,-134.264345,2009.0,2022-07-15T22:50:08Z
58.805628,-134.264398,2010.0,2022-07-15T22:50:29Z
58.805612,-134.264440,2000.0,2022-07-15T22:50:40Z
58.805574,-134.264460,2009.0,2022-07-15T22:50:54Z
58.805532,-134.264467,2010.0,2022-07-15T22:51:06Z
58.805444,-134.264585,2016.0,2022-07-15T22:51:48Z
58.805373,-134.264721,2016.0,2022-07-15T22:52:21Z
58.805306,-134.264818,2016.0,2022-07-15T22:52:51Z
58.805216,-134.264882,2022.0,2022-07-15T22:53:25Z
58.805189,-134.264944,2016.0,2022-07-15T22:53:41Z
58.805135,-134.264970,2024.0,2022-07-15T22:54:04Z
58.805091,-134.265009,2028.0,2022-07-15T22:54:20Z
58.805008,-134.265108,2031.0,2022-07-15T22:55:11Z
58.804872,-134.265121,2034.0,2022-07-15T22:56:05Z
58.804822,-134.265110,2034.0,2022-07-15T22:56:25Z
58.804782,-134.265142,2040.0,2022-07-15T22:56:45Z
58.804705,-134.265233,2041.0,2022-07-15T22:57:28Z
58.804692,-134.265222,2044.0,2022-07-15T22:57:38Z
58.804594,-134.265247,2045.0,2022-07-15T22:58:27Z
58.804519,-134.265313,2047.0,2022-07-15T22:58:57Z
58.804484,-134.265295,2049.0,2022-07-15T22:59:17Z
58.804382,-134.265378,2052.0,2022-07-15T22:59:50Z
58.804335,-134.265360,2055.0,2022-07-15T23:00:08Z
58.804187,-134.265356,2059.0,2022-07-15T23:00:55Z
58.804104,-134.265381,2056.0,2022-07-15T23:01:48Z
58.804016,-134.265442,2062.0,2022-07-15T23:02:35Z
58.803982,-134.265442,2063.3,2022-07-15T23:02:43Z,5.000000
58.803953,-134.265471,2059.0,2022-07-15T23:02:51Z
58.803930,-134.265421,2063.0,2022-07-15T23:04:03Z
58.803899,-134.265428,2067.0,2022-07-15T23:05:06Z
58.803871,-134.265472,2060.0,2022-07-15T23:05:19Z
58.803833,-134.265461,2062.0,2022-07-15T23:05:50Z
58.803814,-134.265421,2068.0,2022-07-15T23:06:12Z
58.803768,-134.265412,2069.0,2022-07-15T23:06:52Z
58.803723,-134.265370,2076.0,2022-07-15T23:08:00Z
58.803721,-134.265336,2078.7,2022-07-15T23:08:28Z,5.000000
58.803692,-134.265350,2075.0,2022-07-15T23:08:35Z
58.803662,-134.265294,2080.0,2022-07-15T23:09:15Z
58.803684,-134.265259,2079.0,2022-07-15T23:09:22Z
58.803658,-134.265276,2076.0,2022-07-15T23:09:57Z
58.803623,-134.265214,2072.0,2022-07-15T23:10:45Z
58.803586,-134.265267,2086.2,2022-07-15T23:11:09Z,5.000000
58.803582,-134.265221,2080.0,2022-07-15T23:11:22Z
58.803550,-134.265184,2088.0,2022-07-15T23:11:53Z
58.803502,-134.265182,2091.0,2022-07-15T23:12:20Z
58.803494,-134.265211,2094.0,2022-07-15T23:12:34Z
58.803471,-134.265194,2096.0,2022-07-15T23:13:11Z
58.803436,-134.265186,2094.0,2022-07-15T23:13:23Z
58.803412,-134.265159,2093.0,2022-07-15T23:13:39Z
58.803392,-134.265096,2097.0,2022-07-15T23:13:55Z
58.803339,-134.265133,2101.0,2022-07-15T23:14:32Z
58.803288,-134.265107,2103.0,2022-07-15T23:15:09Z
58.803245,-134.265111,2100.0,2022-07-15T23:15:29Z
58.803234,-134.265149,2100.0,2022-07-15T23:15:36Z
58.803170,-134.265207,2100.0,2022-07-15T23:16:12Z
58.803151,-134.265244,2103.0,2022-07-15T23:16:22Z
58.803106,-134.265284,2107.0,2022-07-15T23:16:44Z
58.803095,-134.265311,2107.0,2022-07-15T23:16:49Z
58.803051,-134.265358,2112.0,2022-07-15T23:17:08Z
58.803016,-134.265445,2112.0,2022-07-15T23:17:24Z
58.802976,-134.265468,2112.0,2022-07-15T23:17:34Z
58.802967,-134.265565,2114.0,2022-07-15T23:17:51Z
58.802878,-134.265567,2115.0,2022-07-15T23:18:23Z
58.802842,-134.265595,2120.0,2022-07-15T23:18:32Z
58.802822,-134.265628,2124.0,2022-07-15T23:18:37Z
58.802818,-134.265678,2108.0,2022-07-15T23:18:54Z
58.802776,-134.265535,2114.0,2022-07-15T23:19:37Z
58.802772,-134.265405,2121.0,2022-07-15T23:19:58Z
58.802745,-134.265347,2122.0,2022-07-15T23:20:07Z
58.802764,-134.265279,2123.0,2022-07-15T23:20:53Z
58.802742,-134.265193,2121.9,2022-07-15T23:21:04Z,5.000000
58.802716,-134.265148,2120.0,2022-07-15T23:21:14Z
58.802705,-134.265081,2120.0,2022-07-15T23:21:20Z
58.802649,-134.265000,2119.0,2022-07-15T23:21:34Z
58.802610,-134.264916,2116.0,2022-07-15T23:21:45Z
58.802601,-134.264866,2115.0,2022-07-15T23:21:52Z
58.802571,-134.264808,2112.0,2022-07-15T23:22:03Z
58.802576,-134.264772,2116.0,2022-07-15T23:22:09Z
58.802514,-134.264647,2115.0,2022-07-15T23:22:26Z
58.802490,-134.264490,2118.0,2022-07-15T23:22:54Z
58.802377,-134.264342,2120.0,2022-07-15T23:23:25Z
58.802322,-134.264295,2118.0,2022-07-15T23:23:43Z
58.802290,-134.264230,2120.0,2022-07-15T23:23:53Z
58.802277,-134.264160,2120.0,2022-07-15T23:24:04Z
58.802256,-134.264132,2118.0,2022-07-15T23:24:09Z
58.802307,-134.263981,2123.0,2022-07-15T23:24:34Z
58.802279,-134.263682,2124.0,2022-07-15T23:25:19Z
58.802258,-134.263640,2100.0,2022-07-15T23:25:35Z
58.802256,-134.263567,2124.0,2022-07-15T23:25:55Z
58.802296,-134.263533,2118.0,2022-07-15T23:26:13Z
58.802313,-134.263474,2120.0,2022-07-15T23:26:35Z
58.802307,-134.263419,2120.0,2022-07-15T23:26:53Z
58.802321,-134.263329,2130.0,2022-07-15T23:27:35Z
58.802291,-134.263316,2128.0,2022-07-15T23:27:48Z
58.802250,-134.263274,2131.0,2022-07-15T23:28:23Z
58.802200,-134.263164,2138.0,2022-07-15T23:29:15Z
58.802164,-134.263016,2135.0,2022-07-15T23:29:55Z
58.802166,-134.262954,2140.0,2022-07-15T23:30:05Z
58.802190,-134.262835,2136.0,2022-07-15T23:30:27Z
58.802164,-134.262780,2142.0,2022-07-15T23:30:41Z
58.802147,-134.262653,2142.7,2022-07-15T23:31:01Z,5.000000
58.802163,-134.262536,2140.0,2022-07-15T23:31:23Z
58.802157,-134.262371,2131.0,2022-07-15T23:32:03Z
58.802134,-134.262248,2133.0,2022-07-15T23:32:33Z
58.802147,-134.262217,2130.0,2022-07-15T23:32:44Z
58.802145,-134.262187,2132.0,2022-07-15T23:32:49Z
58.802112,-134.262104,2130.0,2022-07-15T23:33:07Z
58.802130,-134.261820,2127.0,2022-07-15T23:33:53Z
58.802115,-134.261676,2128.0,2022-07-15T23:34:15Z
58.802092,-134.261626,2128.0,2022-07-15T23:34:23Z
58.802096,-134.261587,2127.0,2022-07-15T23:34:28Z
58.802086,-134.261518,2124.0,2022-07-15T23:34:38Z
58.802095,-134.261449,2121.0,2022-07-15T23:34:48Z
58.802085,-134.261410,2124.0,2022-07-15T23:34:55Z
58.802009,-134.261343,2124.0,2022-07-15T23:35:20Z
58.801991,-134.261274,2125.0,2022-07-15T23:35:29Z
58.801936,-134.261224,2127.0,2022-07-15T23:35:40Z
58.801923,-134.261272,2126.0,2022-07-15T23:35:53Z
58.801826,-134.261241,2122.0,2022-07-15T23:36:58Z
58.801778,-134.261253,2124.0,2022-07-15T23:37:33Z
58.801815,-134.261163,2124.0,2022-07-15T23:37:56Z
58.801805,-134.261125,2124.0,2022-07-15T23:38:02Z
58.801826,-134.261053,2127.0,2022-07-15T23:38:22Z
58.801810,-134.261036,2126.0,2022-07-15T23:38:28Z
58.801829,-134.260887,2129.0,2022-07-15T23:39:15Z
58.801826,-134.260801,2130.0,2022-07-15T23:39:32Z
58.801837,-134.260754,2134.0,2022-07-15T23:40:05Z
58.801818,-134.260676,2125.0,2022-07-15T23:40:19Z
58.801826,-134.260627,2136.0,2022-07-15T23:40:26Z
58.801810,-134.260562,2132.0,2022-07-15T23:40:41Z
58.801768,-134.260491,2140.0,2022-07-15T23:40:55Z
58.801784,-134.260460,2140.8,2022-07-15T23:41:06Z,5.000000
58.801737,-134.260414,2137.0,2022-07-15T23:41:24Z
58.801700,-134.260447,2137.0,2022-07-15T23:41:45Z
58.801637,-134.260455,2135.0,2022-07-15T23:42:06Z
58.801597,-134.260429,2137.0,2022-07-15T23:42:16Z
58.801548,-134.260413,2142.0,2022-07-15T23:42:31Z
58.801534,-134.260391,2144.0,2022-07-15T23:42:41Z
58.801499,-134.260373,2143.0,2022-07-15T23:42:48Z
58.801461,-134.260420,2145.0,2022-07-15T23:42:57Z
58.801424,-134.260316,2142.0,2022-07-15T23:43:11Z
58.801407,-134.260339,2146.0,2022-07-15T23:47:56Z
58.801403,-134.260274,2143.0,2022-07-15T23:50:54Z
58.801386,-134.260255,2148.0,2022-07-16T00:06:20Z
58.801410,-134.260271,2135.0,2022-07-16T00:19:19Z
58.801490,-134.260366,2150.0,2022-07-16T00:32:00Z
58.801635,-134.260425,2148.0,2022-07-16T00:32:28Z
58.801662,-134.260463,2142.0,2022-07-16T00:32:36Z
58.801661,-134.260497,2148.0,2022-07-16T00:32:42Z
58.801721,-134.260476,2139.0,2022-07-16T00:33:06Z
58.801764,-134.260486,2146.0,2022-07-16T00:33:31Z
58.801789,-134.260528,2144.0,2022-07-16T00:33:50Z
58.801802,-134.260615,2141.0,2022-07-16T00:34:24Z
58.801846,-134.260762,2140.0,2022-07-16T00:34:53Z
58.801844,-134.260906,2138.0,2022-07-16T00:35:38Z
58.801862,-134.260948,2138.0,2022-07-16T00:36:01Z
58.801826,-134.261077,2134.0,2022-07-16T00:36:51Z
58.801835,-134.261157,2130.0,2022-07-16T00:37:19Z
58.801826,-134.261201,2132.0,2022-07-16T00:37:44Z
58.801876,-134.261224,2123.0,2022-07-16T00:38:20Z
58.801938,-134.261228,2126.0,2022-07-16T00:38:31Z
58.801966,-134.261263,2123.0,2022-07-16T00:38:48Z
58.802019,-134.261382,2125.0,2022-07-16T00:39:36Z
58.802125,-134.261544,2128.0,2022-07-16T00:40:09Z
58.802158,-134.261810,2133.0,2022-07-16T00:40:32Z
58.802141,-134.261910,2135.0,2022-07-16T00:40:46Z
58.802142,-134.262045,2138.0,2022-07-16T00:41:01Z
58.802130,-134.262130,2136.0,2022-07-16T00:41:14Z
58.802146,-134.262299,2136.0,2022-07-16T00:41:34Z
58.802172,-134.262367,2137.0,2022-07-16T00:41:48Z
58.802169,-134.262435,2139.0,2022-07-16T00:42:07Z
58.802183,-134.262482,2142.0,2022-07-16T00:42:13Z
58.802182,-134.262524,2140.0,2022-07-16T00:42:17Z
58.802167,-134.262556,2140.0,2022-07-16T00:42:25Z
58.802162,-134.262661,2142.0,2022-07-16T00:42:42Z
58.802174,-134.262748,2143.0,2022-07-16T00:42:56Z
58.802170,-134.262818,2140.0,2022-07-16T00:43:04Z
58.802181,-134.262853,2136.0,2022-07-16T00:43:13Z
58.802205,-134.262879,2142.0,2022-07-16T00:43:22Z
58.802200,-134.262917,2142.0,2022-07-16T00:43:31Z
58.802170,-134.262991,2140.0,2022-07-16T00:43:53Z
58.802201,-134.263160,2138.0,2022-07-16T00:44:21Z
58.802228,-134.263240,2128.0,2022-07-16T00:44:44Z
58.802269,-134.263301,2133.0,2022-07-16T00:45:01Z
58.802284,-134.263399,2132.0,2022-07-16T00:45:11Z
58.802283,-134.263522,2128.0,2022-07-16T00:46:15Z
58.802330,-134.263874,2124.0,2022-07-16T00:47:19Z
58.802309,-134.263939,2126.0,2022-07-16T00:47:27Z
58.802321,-134.264121,2126.0,2022-07-16T00:47:41Z
58.802353,-134.264271,2127.0,2022-07-16T00:47:54Z
58.802481,-134.264482,2124.0,2022-07-16T00:48:17Z
58.802637,-134.264910,2119.0,2022-07-16T00:49:03Z
58.802684,-134.265098,2120.0,2022-07-16T00:49:21Z
58.802707,-134.265176,2120.0,2022-07-16T00:49:30Z
58.802737,-134.265236,2120.0,2022-07-16T00:49:38Z
58.802771,-134.265370,2126.0,2022-07-16T00:50:11Z
58.802781,-134.265586,2124.0,2022-07-16T00:50:42Z
58.802793,-134.265624,2126.0,2022-07-16T00:50:45Z
58.802824,-134.265648,2124.0,2022-07-16T00:50:49Z
58.802936,-134.265551,2117.0,2022-07-16T00:51:20Z
58.803068,-134.265322,2114.0,2022-07-16T00:51:51Z
58.803118,-134.265283,2113.0,2022-07-16T00:52:08Z
58.803149,-134.265220,2112.0,2022-07-16T00:52:16Z
58.803281,-134.265035,2105.0,2022-07-16T00:53:33Z
58.803356,-134.265085,2100.0,2022-07-16T00:53:52Z
58.803462,-134.265109,2098.0,2022-07-16T00:54:21Z
58.803518,-134.265135,2088.0,2022-07-16T00:54:36Z
58.803737,-134.265317,2082.0,2022-07-16T00:55:30Z
58.803795,-134.265335,2077.0,2022-07-16T00:55:43Z
58.803822,-134.265364,2076.0,2022-07-16T00:55:49Z
58.803907,-134.265423,2072.0,2022-07-16T00:56:03Z
58.804020,-134.265370,2064.0,2022-07-16T00:56:26Z
58.804114,-134.265341,2060.0,2022-07-16T00:56:43Z
58.804175,-134.265345,2060.0,2022-07-16T00:57:41Z
58.804261,-134.265303,2058.0,2022-07-16T00:58:39Z
58.804429,-134.265323,2055.0,2022-07-16T00:59:11Z
58.804476,-134.265319,2054.0,2022-07-16T00:59:21Z
58.804490,-134.265282,2053.8,2022-07-16T00:59:26Z,5.000000
58.804536,-134.265263,2052.0,2022-07-16T00:59:35Z
58.804631,-134.265188,2044.0,2022-07-16T00:59:56Z
58.804684,-134.265183,2046.0,2022-07-16T01:00:11Z
58.804724,-134.265164,2040.0,2022-07-16T01:00:21Z
58.804758,-134.265183,2044.0,2022-07-16T01:00:29Z
58.804821,-134.265155,2043.0,2022-07-16T01:00:41Z
58.804874,-134.265187,2043.0,2022-07-16T01:00:52Z
58.804927,-134.265154,2040.0,2022-07-16T01:01:02Z
58.805030,-134.265136,2031.0,2022-07-16T01:01:23Z
58.805075,-134.265087,2032.0,2022-07-16T01:01:32Z
58.805091,-134.265052,2030.0,2022-07-16T01:01:37Z
58.805121,-134.265034,2031.0,2022-07-16T01:01:42Z
58.805259,-134.264859,2028.0,2022-07-16T01:02:04Z
58.805293,-134.264828,2028.0,2022-07-16T01:02:11Z
58.805303,-134.264798,2028.0,2022-07-16T01:02:13Z
58.805366,-134.264713,2022.0,2022-07-16T01:02:24Z
58.805395,-134.264701,2024.0,2022-07-16T01:02:28Z
58.805417,-134.264675,2024.0,2022-07-16T01:02:33Z
58.805505,-134.264513,2019.0,2022-07-16T01:02:50Z
58.805602,-134.264414,2016.0,2022-07-16T01:03:10Z
58.805675,-134.264368,2009.0,2022-07-16T01:03:25Z
58.805704,-134.264312,2013.0,2022-07-16T01:03:31Z
58.805763,-134.264244,2007.0,2022-07-16T01:03:44Z
58.805891,-134.264208,2008.0,2022-07-16T01:04:08Z
58.805924,-134.264209,2005.0,2022-07-16T01:04:12Z
58.805998,-134.264271,2007.0,2022-07-16T01:04:21Z
58.806067,-134.264263,2004.0,2022-07-16T01:04:31Z
58.806132,-134.264280,2000.0,2022-07-16T01:04:40Z
58.806172,-134.264317,1999.0,2022-07-16T01:04:46Z
58.806284,-134.264326,1997.0,2022-07-16T01:05:03Z
58.806339,-134.264368,1998.0,2022-07-16T01:05:12Z
58.806414,-134.264347,1996.0,2022-07-16T01:05:23Z
58.806440,-134.264363,1996.0,2022-07-16T01:05:26Z
58.806602,-134.264607,1996.0,2022-07-16T01:05:53Z
58.806668,-134.264686,1998.0,2022-07-16T01:06:01Z
58.806708,-134.264767,1998.0,2022-07-16T01:06:10Z
58.806757,-134.264816,1995.0,2022-07-16T01:06:18Z
58.806790,-134.264869,1995.0,2022-07-16T01:06:26Z
58.806875,-134.264954,1997.0,2022-07-16T01:06:35Z
58.806913,-134.265017,1996.0,2022-07-16T01:06:43Z
58.806953,-134.265040,1998.0,2022-07-16T01:06:51Z
58.807054,-134.265147,1998.0,2022-07-16T01:07:11Z
58.807113,-134.265225,1998.0,2022-07-16T01:07:24Z
58.807175,-134.265272,1998.0,2022-07-16T01:07:34Z
58.807231,-134.265270,1998.0,2022-07-16T01:07:41Z
58.807266,-134.265283,1998.3,2022-07-16T01:07:46Z,5.000000
58.807295,-134.265337,1993.0,2022-07-16T01:07:54Z
58.807408,-134.265264,1990.0,2022-07-16T01:08:11Z
58.807474,-134.265250,1988.0,2022-07-16T01:08:19Z
58.807617,-134.265187,1985.0,2022-07-16T01:08:39Z
58.807653,-134.265224,1985.0,2022-07-16T01:08:47Z
58.807719,-134.265184,1981.0,2022-07-16T01:09:02Z
58.807843,-134.265215,1976.0,2022-07-16T01:09:42Z
58.807871,-134.265200,1977.0,2022-07-16T01:09:48Z
58.807897,-134.265170,1976.0,2022-07-16T01:09:53Z
58.807930,-134.265183,1970.0,2022-07-16T01:10:01Z
58.808022,-134.265165,1970.0,2022-07-16T01:10:20Z
58.808044,-134.265115,1972.0,2022-07-16T01:10:26Z
58.808099,-134.265099,1970.0,2022-07-16T01:10:34Z
58.808127,-134.265078,1968.0,2022-07-16T01:10:38Z
58.808190,-134.265085,1965.0,2022-07-16T01:10:46Z
58.808276,-134.265057,1960.0,2022-07-16T01:11:01Z
58.808347,-134.265088,1956.0,2022-07-16T01:11:26Z
58.808420,-134.265099,1953.0,2022-07-16T01:11:47Z
58.808510,-134.265056,1952.0,2022-07-16T01:12:15Z
58.808533,-134.265029,1940.0,2022-07-16T01:12:26Z
58.808585,-134.265041,1950.0,2022-07-16T01:12:41Z
58.808602,-134.265059,1947.0,2022-07-16T01:12:49Z
58.808683,-134.265059,1940.0,2022-07-16T01:13:07Z
58.808709,-134.265021,1948.0,2022-07-16T01:13:14Z
58.808828,-134.264986,1943.0,2022-07-16T01:13:30Z
58.808875,-134.265014,1940.0,2022-07-16T01:13:38Z
58.808999,-134.265038,1930.0,2022-07-16T01:14:00Z
58.809073,-134.265094,1926.0,2022-07-16T01:14:14Z
58.809095,-134.265141,1927.0,2022-07-16T01:14:21Z
58.809199,-134.265143,1924.0,2022-07-16T01:14:34Z
58.809223,-134.265162,1926.0,2022-07-16T01:14:37Z
58.809243,-134.265199,1926.0,2022-07-16T01:14:40Z
58.809318,-134.265207,1926.0,2022-07-16T01:15:48Z
58.809365,-134.265293,1918.0,2022-07-16T01:16:55Z
58.809365,-134.265257,1923.0,2022-07-16T01:17:52Z
58.809345,-134.265234,1923.0,2022-07-16T01:19:34Z
58.809378,-134.265197,1925.0,2022-07-16T01:21:17Z
58.809399,-134.265282,1927.0,2022-07-16T01:21:51Z
58.809396,-134.265289,1926.0,2022-07-16T01:26:01Z
58.809488,-134.265060,1923.0,2022-07-16T01:26:35Z
58.809599,-134.264951,1923.0,2022-07-16T01:26:46Z
58.809707,-134.264877,1924.0,2022-07-16T01:26:56Z
58.809743,-134.264867,1923.0,2022-07-16T01:26:58Z
58.809848,-134.264881,1923.0,2022-07-16T01:27:06Z
58.809958,-134.264871,1923.0,2022-07-16T01:27:14Z
58.810072,-134.264827,1922.0,2022-07-16T01:27:20Z
58.810180,-134.264810,1922.0,2022-07-16T01:27:26Z
58.810294,-134.264763,1920.0,2022-07-16T01:27:32Z
58.810507,-134.264705,1918.0,2022-07-16T01:27:41Z
58.810545,-134.264710,1918.0,2022-07-16T01:27:47Z
58.810646,-134.264700,1920.0,2022-07-16T01:28:07Z
58.810818,-134.264650,1915.0,2022-07-16T01:28:22Z
58.810822,-134.264602,1916.0,2022-07-16T01:28:31Z
58.810785,-134.264558,1914.0,2022-07-16T01:29:46Z
58.810762,-134.264582,1913.0,2022-07-16T01:30:58Z
58.810721,-134.264516,1914.0,2022-07-16T01:32:05Z
58.810723,-134.264475,1914.0,2022-07-16T01:32:41Z
58.810764,-134.264471,1914.0,2022-07-16T01:32:51Z
58.810806,-134.264421,1912.0,2022-07-16T01:32:55Z
58.810813,-134.264344,1908.0,2022-07-16T01:33:21Z
58.810831,-134.264313,1911.0,2022-07-16T01:33:25Z
58.810830,-134.264255,1911.0,2022-07-16T01:33:34Z
58.810795,-134.264259,1911.0,2022-07-16T01:33:45Z
58.810683,-134.264153,1911.0,2022-07-16T01:33:56Z
58.810659,-134.264114,1910.0,2022-07-16T01:33:59Z
58.810675,-134.264083,1908.0,2022-07-16T01:34:03Z
58.810722,-134.264095,1907.0,2022-07-16T01:34:17Z
58.810748,-134.264029,1912.0,2022-07-16T01:34:30Z
58.810747,-134.264089,1911.0,2022-07-16T01:34:42Z
58.810738,-134.264059,1909.0,2022-07-16T01:34:51Z
58.810770,-134.264050,1910.0,2022-07-16T01:34:57Z
58.810873,-134.263982,1906.0,2022-07-16T01:35:10Z
58.810830,-134.263976,1908.0,2022-07-16T01:35:43Z
58.810777,-134.263911,1908.0,2022-07-16T01:35:47Z
58.810714,-134.263805,1906.0,2022-07-16T01:35:51Z
58.810614,-134.263729,1903.0,2022-07-16T01:36:57Z
58.810635,-134.263666,1902.0,2022-07-16T01:37:45Z
58.810899,-134.263469,1896.0,2022-07-16T01:38:07Z
58.810955,-134.263447,1896.0,2022-07-16T01:38:14Z
58.810990,-134.263398,1896.0,2022-07-16T01:38:33Z
58.810971,-134.263312,1894.0,2022-07-16T01:38:45Z
58.810920,-134.263280,1892.0,2022-07-16T01:39:08Z
58.810779,-134.263121,1890.0,2022-07-16T01:39:21Z,5.000000
58.810737,-134.263031,1891.8,2022-07-16T01:39:28Z,5.000000
58.810742,-134.262976,1890.0,2022-07-16T01:39:29Z,5.000000
58.810761,-134.262917,1889.6,2022-07-16T01:39:30Z,5.000000
58.810791,-134.262873,1888.9,2022-07-16T01:39:31Z,5.000000
58.810861,-134.262824,1886.9,2022-07-16T01:39:33Z,5.000000
58.810989,-134.262784,1884.0,2022-07-16T01:39:39Z
58.811020,-134.262752,1884.0,2022-07-16T01:39:41Z
58.811042,-134.262671,1882.6,2022-07-16T01:39:43Z,5.000000
58.811040,-134.262567,1882.7,2022-07-16T01:39:45Z,5.000000
58.811018,-134.262467,1880.6,2022-07-16T01:39:47Z,5.000000
58.810886,-134.262236,1879.0,2022-07-16T01:39:57Z
58.810858,-134.262069,1877.3,2022-07-16T01:40:01Z,5.000000
58.810863,-134.262027,1876.0,2022-07-16T01:40:11Z
58.810865,-134.262066,1876.0,2022-07-16T01:41:01Z
58.810906,-134.262104,1872.0,2022-07-16T01:41:23Z
58.810981,-134.262070,1875.0,2022-07-16T01:41:31Z
58.811044,-134.262020,1874.0,2022-07-16T01:41:36Z
58.811099,-134.261938,1874.8,2022-07-16T01:41:39Z,5.000000
58.811133,-134.261858,1872.9,2022-07-16T01:41:42Z,5.000000
58.811156,-134.261742,1868.9,2022-07-16T01:41:45Z,5.000000
58.811155,-134.261651,1869.0,2022-07-16T01:41:48Z
58.811130,-134.261458,1867.0,2022-07-16T01:41:56Z
58.811138,-134.261370,1866.4,2022-07-16T01:41:58Z,5.000000
58.811238,-134.260949,1862.2,2022-07-16T01:42:07Z,5.000000
58.811262,-134.260884,1861.0,2022-07-16T01:42:09Z,5.000000
58.811323,-134.260772,1860.9,2022-07-16T01:42:14Z,5.000000
58.811393,-134.260503,1859.4,2022-07-16T01:42:21Z,5.000000
58.811493,-134.260254,1858.0,2022-07-16T01:42:31Z
58.811644,-134.259588,1849.0,2022-07-16T01:45:13Z
58.811627,-134.259533,1855.0,2022-07-16T01:47:49Z
58.811590,-134.259501,1857.0,2022-07-16T01:48:14Z
58.811592,-134.259374,1856.0,2022-07-16T01:48:56Z
58.811618,-134.259255,1855.0,2022-07-16T01:49:40Z
58.811576,-134.259292,1854.0,2022-07-16T01:50:47Z
58.811572,-134.259343,1856.0,2022-07-16T01:51:51Z
58.811629,-134.259353,1854.0,2022-07-16T01:52:10Z
58.811687,-134.259309,1853.0,2022-07-16T01:52:22Z
58.811705,-134.259282,1852.0,2022-07-16T01:52:26Z
58.811790,-134.259043,1854.2,2022-07-16T01:52:36Z,5.000000
58.811955,-134.258719,1852.0,2022-07-16T01:52:51Z
58.812075,-134.258429,1852.0,2022-07-16T01:53:03Z
58.812185,-134.258245,1852.0,2022-07-16T01:53:13Z
58.812203,-134.258197,1852.0,2022-07-16T01:53:15Z
58.812213,-134.258149,1852.0,2022-07-16T01:53:17Z
58.812211,-134.257996,1852.0,2022-07-16T01:53:25Z
58.812226,-134.257790,1851.6,2022-07-16T01:53:32Z,5.000000
58.812229,-134.257606,1851.5,2022-07-16T01:53:37Z,5.000000
58.812215,-134.257361,1852.8,2022-07-16T01:53:43Z,5.000000
58.812227,-134.256931,1847.2,2022-07-16T01:53:55Z,5.000000
58.812241,-134.256825,1846.0,2022-07-16T01:53:59Z
58.812281,-134.256676,1846.8,2022-07-16T01:54:03Z,5.000000
58.812336,-134.256191,1847.2,2022-07-16T01:54:17Z,5.000000
58.812472,-134.255361,1844.3,2022-07-16T01:54:41Z,5.000000
58.812489,-134.255154,1844.1,2022-07-16T01:54:47Z,5.000000
58.812536,-134.254839,1842.0,2022-07-16T01:54:57Z
58.812566,-134.254747,1842.0,2022-07-16T01:55:01Z
58.812642,-134.254605,1842.0,2022-07-16T01:55:07Z
58.812940,-134.253911,1841.3,2022-07-16T01:55:30Z,5.000000
58.813289,-134.253055,1836.0,2022-07-16T01:56:01Z
58.813423,-134.252621,1836.0,2022-07-16T01:56:18Z
58.813502,-134.252430,1837.0,2022-07-16T01:56:26Z
58.813618,-134.252197,1838.0,2022-07-16T01:56:36Z
58.813717,-134.252051,1836.0,2022-07-16T01:56:44Z
58.814006,-134.251513,1836.0,2022-07-16T01:57:08Z
58.814064,-134.251355,1836.0,2022-07-16T01:57:14Z
58.814163,-134.251161,1836.0,2022-07-16T01:57:22Z
58.814644,-134.250390,1830.0,2022-07-16T01:58:00Z
58.814760,-134.250121,1824.0,2022-07-16T01:58:12Z
58.814901,-134.249888,1826.0,2022-07-16T01:58:22Z
58.815187,-134.249486,1824.0,2022-07-16T01:58:42Z
58.815302,-134.249377,1824.0,2022-07-16T01:58:50Z
58.815416,-134.249237,1824.0,2022-07-16T01:58:58Z
58.815550,-134.249102,1822.0,2022-07-16T01:59:08Z
58.815653,-134.248957,1822.0,2022-07-16T01:59:16Z
58.815922,-134.248472,1818.0,2022-07-16T01:59:38Z
58.816147,-134.248185,1814.0,2022-07-16T01:59:54Z
58.816207,-134.248118,1814.0,2022-07-16T01:59:58Z
58.816269,-134.248070,1812.0,2022-07-16T02:00:02Z
58.816374,-134.248021,1812.0,2022-07-16T02:00:08Z
58.816445,-134.247999,1812.0,2022-07-16T02:00:11Z
58.816772,-134.247752,1808.0,2022-07-16T02:00:32Z
58.816854,-134.247639,1808.0,2022-07-16T02:00:38Z
58.817010,-134.247501,1808.0,2022-07-16T02:00:48Z
58.817250,-134.247239,1808.0,2022-07-16T02:01:01Z
58.817427,-134.247106,1806.0,2022-07-16T02:01:14Z
58.817990,-134.246589,1796.0,2022-07-16T02:01:48Z
58.818229,-134.246329,1794.0,2022-07-16T02:02:00Z,5.000000
58.818450,-134.246017,1791.4,2022-07-16T02:02:10Z,5.000000
58.818658,-134.245756,1788.5,2022-07-16T02:02:19Z,5.000000
58.818770,-134.245588,1786.9,2022-07-16T02:02:23Z,5.000000
58.818896,-134.245452,1784.7,2022-07-16T02:02:27Z,5.000000
58.819099,-134.245259,1778.1,2022-07-16T02:02:33Z,5.000000
58.819382,-134.244941,1777.4,2022-07-16T02:02:41Z,5.000000
58.819558,-134.244710,1774.9,2022-07-16T02:02:46Z,5.000000
58.819710,-134.244529,1772.9,2022-07-16T02:02:50Z,5.000000
58.819947,-134.244307,1769.5,2022-07-16T02:02:56Z,5.000000
58.820106,-134.244174,1765.2,2022-07-16T02:03:00Z,5.000000
58.820277,-134.243997,1763.7,2022-07-16T02:03:04Z,5.000000
58.820419,-134.243898,1761.8,2022-07-16T02:03:08Z,5.000000
58.820803,-134.243551,1757.6,2022-07-16T02:03:20Z,5.000000
58.821100,-134.243343,1756.0,2022-07-16T02:03:31Z
58.821171,-134.243306,1755.0,2022-07-16T02:03:36Z
58.821253,-134.243233,1756.0,2022-07-16T02:03:42Z
58.821351,-134.243189,1754.0,2022-07-16T02:03:50Z
58.821542,-134.243033,1751.0,2022-07-16T02:04:04Z
58.821789,-134.242892,1750.0,2022-07-16T02:04:21Z
58.821884,-134.242823,1750.0,2022-07-16T02:04:28Z
58.822126,-134.242698,1750.0,2022-07-16T02:04:45Z
58.822244,-134.242622,1750.0,2022-07-16T02:04:53Z
58.822506,-134.242497,1748.0,2022-07-16T02:05:11Z
58.822785,-134.242404,1748.0,2022-07-16T02:05:30Z
58.823022,-134.242277,1746.0,2022-07-16T02:05:45Z
58.823141,-134.242250,1746.0,2022-07-16T02:05:54Z
58.823416,-134.242154,1746.0,2022-07-16T02:06:13Z
58.823458,-134.242151,1746.0,2022-07-16T02:06:16Z
58.823658,-134.242042,1746.0,2022-07-16T02:06:30Z
58.823951,-134.241859,1744.0,2022-07-16T02:06:51Z
58.824424,-134.241585,1743.0,2022-07-16T02:07:25Z
58.824499,-134.241562,1742.0,2022-07-16T02:07:31Z
58.824606,-134.241548,1742.0,2022-07-16T02:07:38Z
58.824647,-134.241571,1742.0,2022-07-16T02:07:41Z
58.824725,-134.241585,1743.0,2022-07-16T02:07:47Z
58.824866,-134.241549,1743.0,2022-07-16T02:07:56Z
58.825170,-134.241532,1744.0,2022-07-16T02:08:14Z
58.825239,-134.241510,1742.0,2022-07-16T02:08:19Z
58.825430,-134.241486,1744.0,2022-07-16T02:08:31Z
58.825541,-134.241488,1743.0,2022-07-16T02:08:41Z
58.825649,-134.241467,1743.0,2022-07-16T02:08:49Z
58.825727,-134.241470,1743.0,2022-07-16T02:08:55Z
58.825802,-134.241452,1743.0,2022-07-16T02:09:00Z
58.826030,-134.241354,1742.0,2022-07-16T02:09:15Z
58.826202,-134.241318,1740.0,2022-07-16T02:09:26Z
58.826275,-134.241318,1740.0,2022-07-16T02:09:31Z
58.826424,-134.241272,1740.0,2022-07-16T02:09:41Z
58.826495,-134.241261,1742.0,2022-07-16T02:09:46Z
58.826875,-134.241134,1740.0,2022-07-16T02:10:11Z
58.826918,-134.241143,1741.4,2022-07-16T02:10:15Z,5.000000
58.827027,-134.241096,1740.0,2022-07-16T02:10:23Z
58.827254,-134.241037,1738.0,2022-07-16T02:10:39Z
58.827347,-134.240998,1738.0,2022-07-16T02:10:45Z
58.827455,-134.240984,1737.0,2022-07-16T02:10:52Z
58.827786,-134.240872,1737.0,2022-07-16T02:11:15Z
58.828003,-134.240722,1731.0,2022-07-16T02:11:31Z
58.828271,-134.240621,1734.0,2022-07-16T02:11:51Z
58.828328,-134.240627,1733.5,2022-07-16T02:11:55Z,5.000000
58.828388,-134.240619,1734.0,2022-07-16T02:12:00Z
58.828444,-134.240576,1734.0,2022-07-16T02:12:04Z
58.828824,-134.240408,1731.0,2022-07-16T02:12:31Z
58.828893,-134.240366,1731.0,2022-07-16T02:12:36Z
58.828991,-134.240342,1731.0,2022-07-16T02:12:46Z
58.829092,-134.240282,1728.0,2022-07-16T02:12:52Z
58.829187,-134.240259,1731.0,2022-07-16T02:12:59Z
58.829369,-134.240270,1729.0,2022-07-16T02:13:16Z
58.829499,-134.240240,1732.0,2022-07-16T02:13:26Z
58.829549,-134.240217,1731.0,2022-07-16T02:13:31Z
58.829807,-134.240137,1726.0,2022-07-16T02:13:52Z
58.829837,-134.240146,1723.0,2022-07-16T02:13:55Z
58.829902,-134.240132,1723.0,2022-07-16T02:14:02Z
58.829968,-134.240095,1722.0,2022-07-16T02:14:08Z
58.830080,-134.239993,1723.0,2022-07-16T02:14:16Z
58.830281,-134.239923,1723.0,2022-07-16T02:14:32Z
58.830331,-134.239879,1723.0,2022-07-16T02:14:36Z
58.830432,-134.239858,1725.0,2022-07-16T02:14:44Z
58.830486,-134.239783,1720.0,2022-07-16T02:14:49Z
58.830585,-134.239731,1717.0,2022-07-16T02:14:56Z
58.830687,-134.239704,1717.0,2022-07-16T02:15:03Z
58.830803,-134.239727,1720.0,2022-07-16T02:15:12Z
58.830903,-134.239702,1720.0,2022-07-16T02:15:19Z
58.831039,-134.239705,1724.0,2022-07-16T02:15:27Z
58.831106,-134.239723,1725.0,2022-07-16T02:15:31Z
58.831307,-134.239741,1725.0,2022-07-16T02:15:45Z
58.831512,-134.239790,1728.0,2022-07-16T02:16:01Z
58.831638,-134.239835,1728.0,2022-07-16T02:16:10Z
58.831711,-134.239839,1726.0,2022-07-16T02:16:16Z
58.831821,-134.239880,1728.0,2022-07-16T02:16:25Z
58.831858,-134.239881,1728.0,2022-07-16T02:16:29Z
58.831919,-134.239829,1731.0,2022-07-16T02:17:00Z
58.831980,-134.239882,1728.0,2022-07-16T02:17:33Z
58.832138,-134.239966,1728.0,2022-07-16T02:17:51Z
58.832203,-134.239963,1728.0,2022-07-16T02:17:56Z
58.832279,-134.239982,1728.0,2022-07-16T02:18:02Z
58.832540,-134.239906,1728.0,2022-07-16T02:18:19Z
58.832617,-134.239900,1730.0,2022-07-16T02:18:24Z
58.832829,-134.239860,1731.0,2022-07-16T02:18:40Z
58.832976,-134.239810,1731.0,2022-07-16T02:18:51Z
58.833091,-134.239793,1731.0,2022-07-16T02:19:00Z
58.833164,-134.239759,1730.0,2022-07-16T02:19:06Z
58.833494,-134.239737,1731.0,2022-07-16T02:19:30Z
58.833603,-134.239747,1731.0,2022-07-16T02:19:39Z
58.833922,-134.239730,1731.0,2022-07-16T02:20:03Z
58.834380,-134.239722,1731.0,2022-07-16T02:20:37Z
58.834770,-134.239607,1731.2,2022-07-16T02:21:05Z,5.000000
58.834950,-134.239592,1728.0,2022-07-16T02:21:18Z
58.835094,-134.239530,1728.0,2022-07-16T02:21:29Z
58.835287,-134.239485,1728.0,2022-07-16T02:21:44Z
58.835424,-134.239433,1730.0,2022-07-16T02:21:55Z,5.000000
58.835481,-134.239431,1728.0,2022-07-16T02:22:00Z
58.835589,-134.239401,1728.0,2022-07-16T02:22:10Z
58.835662,-134.239368,1730.0,2022-07-16T02:22:16Z
58.835750,-134.239305,1731.0,2022-07-16T02:22:25Z
58.835843,-134.239176,1731.0,2022-07-16T02:22:36Z
58.835900,-134.239128,1730.0,2022-07-16T02:22:41Z
58.835961,-134.239050,1729.0,2022-07-16T02:22:48Z
58.836018,-134.238996,1728.0,2022-07-16T02:22:54Z
58.836086,-134.238896,1731.0,2022-07-16T02:23:02Z
58.836117,-134.238893,1730.0,2022-07-16T02:23:06Z
58.836179,-134.239118,1730.0,2022-07-16T02:23:18Z
58.836399,-134.239625,1732.0,2022-07-16T02:23:44Z
58.836479,-134.239786,1734.0,2022-07-16T02:23:54Z
58.836680,-134.240120,1734.0,2022-07-16T02:24:12Z
58.836765,-134.240295,1732.0,2022-07-16T02:24:21Z
58.837090,-134.240835,1736.0,2022-07-16T02:24:56Z
58.837490,-134.241452,1734.0,2022-07-16T02:25:36Z
58.837549,-134.241605,1734.0,2022-07-16T02:25:44Z
58.837627,-134.241728,1734.0,2022-07-16T02:25:52Z
58.837704,-134.241889,1732.0,2022-07-16T02:26:01Z
58.837771,-134.242066,1732.0,2022-07-16T02:26:12Z
58.837868,-134.242412,1732.0,2022-07-16T02:26:30Z
58.837937,-134.242698,1734.0,2022-07-16T02:26:44Z
58.838055,-134.243311,1734.0,2022-07-16T02:27:11Z
58.838156,-134.244062,1734.0,2022-07-16T02:27:41Z
58.838193,-134.244812,1732.0,2022-07-16T02:28:08Z
58.838195,-134.245113,1734.1,2022-07-16T02:28:18Z,5.000000
58.838181,-134.245488,1733.7,2022-07-16T02:28:31Z,5.000000
58.838149,-134.245920,1732.0,2022-07-16T02:28:50Z
58.838124,-134.246745,1734.0,2022-07-16T02:29:21Z
58.838124,-134.247083,1734.0,2022-07-16T02:29:33Z
58.838178,-134.247577,1734.0,2022-07-16T02:29:52Z
58.838244,-134.247833,1734.0,2022-07-16T02:30:02Z
58.838378,-134.248188,1732.0,2022-07-16T02:30:20Z
58.838546,-134.248483,1734.0,2022-07-16T02:30:39Z
58.838602,-134.248536,1733.0,2022-07-16T02:30:44Z
58.838881,-134.248882,1734.0,2022-07-16T02:31:12Z
58.839020,-134.249004,1732.0,2022-07-16T02:31:28Z
58.839065,-134.249058,1734.0,2022-07-16T02:31:34Z
58.839123,-134.249084,1734.0,2022-07-16T02:31:40Z
58.839176,-134.249143,1734.0,2022-07-16T02:31:46Z
58.839231,-134.249181,1734.0,2022-07-16T02:31:51Z
58.839271,-134.249227,1734.7,2022-07-16T02:31:55Z,5.000000
58.839455,-134.249384,1734.0,2022-07-16T02:32:12Z
58.839806,-134.249772,1737.0,2022-07-16T02:32:49Z
58.839893,-134.249849,1740.0,2022-07-16T02:32:58Z
58.839939,-134.249908,1740.0,2022-07-16T02:33:03Z
58.839999,-134.249955,1740.0,2022-07-16T02:33:09Z
58.840107,-134.250098,1740.0,2022-07-16T02:33:20Z
58.840215,-134.250193,1742.0,2022-07-16T02:33:31Z
58.840314,-134.250242,1740.0,2022-07-16T02:33:41Z
58.840404,-134.250310,1740.0,2022-07-16T02:33:50Z
58.840610,-134.250518,1743.0,2022-07-16T02:34:13Z
58.840777,-134.250874,1740.0,2022-07-16T02:34:36Z
58.840821,-134.251108,1740.0,2022-07-16T02:34:48Z
58.840837,-134.251365,1740.0,2022-07-16T02:35:00Z
58.840816,-134.251545,1740.0,2022-07-16T02:35:08Z
58.840793,-134.251625,1740.0,2022-07-16T02:35:11Z
58.840759,-134.251822,1740.0,2022-07-16T02:35:20Z
58.840675,-134.252034,1740.0,2022-07-16T02:35:30Z
58.840619,-134.252131,1741.0,2022-07-16T02:35:36Z
58.840534,-134.252350,1742.0,2022-07-16T02:35:46Z
58.840384,-134.252662,1740.0,2022-07-16T02:36:01Z
58.840296,-134.252958,1740.4,2022-07-16T02:36:14Z,5.000000
58.840235,-134.253254,1740.0,2022-07-16T02:36:25Z
58.840136,-134.253586,1738.0,2022-07-16T02:36:38Z
58.840099,-134.253679,1740.0,2022-07-16T02:36:42Z
58.840069,-134.253824,1740.0,2022-07-16T02:36:48Z
58.840032,-134.253942,1740.8,2022-07-16T02:36:52Z,5.000000
58.839948,-134.254158,1742.0,2022-07-16T02:37:02Z
58.839846,-134.254580,1740.0,2022-07-16T02:37:20Z
58.839806,-134.254905,1740.0,2022-07-16T02:37:34Z
58.839766,-134.255458,1738.0,2022-07-16T02:37:56Z
58.839725,-134.255718,1738.0,2022-07-16T02:38:08Z
58.839698,-134.256256,1738.0,2022-07-16T02:38:31Z
58.839706,-134.256480,1738.0,2022-07-16T02:38:42Z
58.839730,-134.256704,1738.0,2022-07-16T02:38:52Z
58.839772,-134.257373,1738.0,2022-07-16T02:39:21Z
58.839789,-134.257771,1740.0,2022-07-16T02:39:40Z
58.839762,-134.258181,1740.0,2022-07-16T02:39:58Z
58.839703,-134.258463,1740.0,2022-07-16T02:40:11Z
58.839675,-134.258542,1740.0,2022-07-16T02:40:16Z
58.839611,-134.258824,1740.0,2022-07-16T02:40:28Z
58.839583,-134.258904,1740.0,2022-07-16T02:40:32Z
58.839468,-134.259174,1740.0,2022-07-16T02:40:46Z
58.839133,-134.259749,1740.0,2022-07-16T02:41:20Z
58.839081,-134.259879,1740.0,2022-07-16T02:41:26Z
58.839071,-134.260610,1740.0,2022-07-16T02:42:02Z
58.839043,-134.261023,1742.0,2022-07-16T02:42:26Z
58.839039,-134.261304,1742.0,2022-07-16T02:42:41Z
58.839004,-134.261642,1743.0,2022-07-16T02:43:02Z
58.838999,-134.261952,1746.0,2022-07-16T02:43:20Z
58.838971,-134.262135,1746.0,2022-07-16T02:43:31Z
58.838968,-134.262362,1746.0,2022-07-16T02:43:47Z
58.838945,-134.262480,1746.0,2022-07-16T02:43:56Z
58.838910,-134.262855,1748.0,2022-07-16T02:44:21Z
58.838892,-134.262942,1749.0,2022-07-16T02:44:29Z
58.838870,-134.263295,1749.0,2022-07-16T02:44:55Z
58.838857,-134.263377,1752.0,2022-07-16T02:45:01Z
58.838860,-134.263523,1754.0,2022-07-16T02:45:11Z
58.838816,-134.263872,1756.0,2022-07-16T02:45:36Z
58.838808,-134.264066,1756.0,2022-07-16T02:45:49Z
58.838782,-134.264205,1758.0,2022-07-16T02:46:01Z
58.838752,-134.264563,1762.0,2022-07-16T02:46:22Z
58.838676,-134.264923,1762.0,2022-07-16T02:46:38Z
58.838582,-134.265222,1762.7,2022-07-16T02:46:51Z,5.000000
58.838490,-134.265401,1762.0,2022-07-16T02:46:58Z
58.838254,-134.265793,1762.0,2022-07-16T02:47:12Z
58.838149,-134.266010,1762.5,2022-07-16T02:47:18Z,5.000000
58.838028,-134.266213,1760.0,2022-07-16T02:47:26Z
58.837873,-134.266508,1760.0,2022-07-16T02:47:35Z,5.000000
58.837746,-134.266700,1759.0,2022-07-16T02:47:42Z,5.000000
58.837508,-134.267160,1756.9,2022-07-16T02:47:56Z,5.000000
58.837349,-134.267421,1756.3,2022-07-16T02:48:05Z,5.000000
58.837255,-134.267532,1754.0,2022-07-16T02:48:11Z
58.837209,-134.267613,1756.0,2022-07-16T02:48:14Z
58.837128,-134.267723,1755.7,2022-07-16T02:48:18Z,5.000000
58.836914,-134.268122,1752.9,2022-07-16T02:48:31Z,5.000000
58.836842,-134.268235,1751.0,2022-07-16T02:48:36Z
58.836785,-134.268359,1750.0,2022-07-16T02:48:40Z
58.836725,-134.268446,1750.2,2022-07-16T02:48:43Z,5.000000
58.836661,-134.268589,1749.6,2022-07-16T02:48:47Z,5.000000
58.836530,-134.269142,1748.0,2022-07-16T02:49:04Z
58.836374,-134.269560,1746.0,2022-07-16T02:49:18Z,5.000000
58.836346,-134.269671,1745.0,2022-07-16T02:49:21Z
58.836274,-134.269846,1744.0,2022-07-16T02:49:31Z
58.836241,-134.270016,1745.0,2022-07-16T02:49:38Z
58.836223,-134.270222,1746.0,2022-07-16T02:49:45Z
58.836177,-134.270548,1745.7,2022-07-16T02:49:56Z,5.000000
58.836136,-134.270714,1744.2,2022-07-16T02:50:02Z,5.000000
58.836109,-134.270982,1741.8,2022-07-16T02:50:11Z,5.000000
58.836087,-134.271459,1715.0,2022-07-16T02:50:43Z
58.836098,-134.271469,1740.0,2022-07-16T02:51:38Z
58.836099,-134.271571,1741.0,2022-07-16T02:52:29Z
58.836047,-134.271822,1738.0,2022-07-16T02:52:41Z
58.836073,-134.271927,1731.0,2022-07-16T02:53:11Z
58.836037,-134.272093,1737.5,2022-07-16T02:53:20Z,5.000000
58.836022,-134.272255,1734.0,2022-07-16T02:53:25Z
58.835965,-134.272383,1734.7,2022-07-16T02:53:29Z,5.000000
58.835951,-134.272510,1734.0,2022-07-16T02:53:32Z,5.000000
58.835929,-134.272574,1733.1,2022-07-16T02:53:34Z,5.000000
58.835866,-134.272671,1732.1,2022-07-16T02:53:38Z,5.000000
58.835800,-134.272831,1730.8,2022-07-16T02:53:43Z,5.000000
58.835768,-134.273072,1729.5,2022-07-16T02:53:48Z,5.000000
58.835654,-134.273729,1725.0,2022-07-16T02:54:05Z
58.835627,-134.273985,1724.0,2022-07-16T02:54:15Z
58.835615,-134.274205,1722.1,2022-07-16T02:54:22Z,5.000000
58.835621,-134.274415,1720.2,2022-07-16T02:54:27Z,5.000000
58.835575,-134.274582,1718.5,2022-07-16T02:54:31Z,5.000000
58.835552,-134.274730,1716.8,2022-07-16T02:54:34Z,5.000000
58.835489,-134.274957,1713.2,2022-07-16T02:54:39Z,5.000000
58.835372,-134.275312,1712.2,2022-07-16T02:54:47Z,5.000000
58.835316,-134.275433,1709.4,2022-07-16T02:54:50Z,5.000000
58.835262,-134.275486,1708.0,2022-07-16T02:54:53Z
58.835188,-134.275500,1705.0,2022-07-16T02:54:57Z
58.835126,-134.275528,1703.0,2022-07-16T02:55:03Z
58.835088,-134.275497,1704.0,2022-07-16T02:55:11Z
58.835035,-134.275488,1703.9,2022-07-16T02:55:17Z,5.000000
58.835045,-134.275460,1700.0,2022-07-16T02:55:34Z
58.834999,-134.275470,1702.0,2022-07-16T02:55:42Z
58.834968,-134.275502,1700.0,2022-07-16T02:55:44Z
58.834941,-134.275549,1702.0,2022-07-16T02:55:46Z
58.834882,-134.275728,1698.0,2022-07-16T02:56:05Z
58.834924,-134.275753,1699.0,2022-07-16T02:56:33Z
58.834946,-134.275813,1697.0,2022-07-16T02:56:39Z
58.834933,-134.275767,1699.0,2022-07-16T02:56:45Z
58.834897,-134.275790,1698.0,2022-07-16T02:56:49Z
58.834851,-134.275916,1677.0,2022-07-16T02:59:07Z
58.834869,-134.275946,1700.1,2022-07-16T02:59:29Z,5.000000
